2 0.940625 0.07513181019332162 0.04375 0.026362038664323375
2 0.82578125 0.07644991212653779 0.0390625 0.029876977152899824
3 0.4984375 0.07644991212653779 0.3640625 0.03427065026362039
2 0.0671875 0.07513181019332162 0.046875 0.020210896309314587
4 0.82578125 0.8233743409490334 0.1015625 0.015817223198594025
5 0.4984375 0.7170474516695958 0.4421875 0.070298769771529
2 0.5015625 0.5654657293497364 0.24375 0.14674868189806678
4 0.496875 0.4033391915641476 0.75078125 0.025043936731107205
4 0.4984375 0.37258347978910367 0.70625 0.025043936731107205
4 0.4953125 0.3422671353251318 0.596875 0.025483304042179262
4 0.50078125 0.22803163444639718 0.57578125 0.038224956063268895
4 0.50078125 0.2697715289982425 0.375 0.03471001757469244
4 0.49765625 0.4336555360281195 0.50546875 0.02899824253075571
4 0.5015625 0.718804920913884 0.30390625 0.02592267135325132