1 0.921875 0.7047451669595782 0.04375 0.026362038664323375
4 0.3765625 0.7236379613356766 0.6734375 0.020210896309314587
4 0.17421875 0.695518453427065 0.265625 0.021968365553602813
1 0.921875 0.5966608084358523 0.04375 0.026362038664323375
4 0.13515625 0.6142355008787346 0.1921875 0.01757469244288225
4 0.18671875 0.5843585237258347 0.290625 0.01845342706502636
4 0.09609375 0.5061511423550088 0.1140625 0.01757469244288225
4 0.3453125 0.4780316344463972 0.6109375 0.023725834797891036
4 0.1484375 0.3998242530755712 0.21875 0.020210896309314587
4 0.18984375 0.37170474516695956 0.3015625 0.021968365553602813
4 0.29140625 0.29305799648506153 0.51953125 0.02240773286467487
4 0.19375 0.26845342706502634 0.32265625 0.0210896309314587
4 0.12421875 0.23945518453427064 0.1796875 0.023725834797891036
4 0.22890625 0.1594903339191564 0.3734375 0.021968365553602813
4 0.26484375 0.07952548330404217 0.1765625 0.028119507908611598
2 0.0671875 0.07644991212653779 0.0421875 0.02460456942003515