2 0.940625 0.07644991212653779 0.0625 0.043936731107205626
2 0.0671875 0.07644991212653779 0.0578125 0.02460456942003515
4 0.51171875 0.07952548330404217 0.103125 0.02460456942003515
4 0.2703125 0.1375219683655536 0.465625 0.021968365553602813
4 0.1015625 0.2047451669595782 0.1015625 0.021968365553602813
4 0.14296875 0.2548330404217926 0.1875 0.021968365553602813
5 0.4984375 0.3172231985940246 0.9265625 0.05975395430579965
4 0.84140625 0.38137082601054484 0.2421875 0.01845342706502636
4 0.15546875 0.38137082601054484 0.2390625 0.01845342706502636
1 0.23671875 0.429701230228471 0.4 0.028119507908611598
4 0.27265625 0.4314586994727592 0.3296875 0.02460456942003515
4 0.28828125 0.5030755711775043 0.496875 0.01845342706502636
5 0.4984375 0.5733743409490334 0.9265625 0.054481546572934976
4 0.8625 0.6357644991212654 0.2 0.01757469244288225
4 0.5015625 0.3181019332161687 0.12734375 0.022847100175746926
4 0.5 0.5733743409490334 0.3875 0.025483304042179262
2 0.075 0.5720562390158173 0.03828125 0.020650263620386643