4 0.2390625 0.07337434094903339 0.2421875 0.026362038664323375
2 0.940625 0.070298769771529 0.046875 0.028119507908611598
4 0.83359375 0.140597539543058 0.1171875 0.012302284710017574
4 0.4984375 0.140597539543058 0.125 0.012302284710017574
4 0.16875 0.140597539543058 0.1875 0.012302284710017574
4 0.5015625 0.8282073813708261 0.21875 0.01845342706502636
5 0.4984375 0.6436731107205624 0.4984375 0.08084358523725835
4 0.4984375 0.5593145869947276 0.2578125 0.028119507908611598
4 0.49609375 0.4938488576449912 0.41796875 0.028558875219683654
4 0.50859375 0.46353251318101935 0.48828125 0.03031634446397188
4 0.5 0.4314586994727592 0.4578125 0.02592267135325132
4 0.4984375 0.38576449912126537 0.44375 0.026362038664323375
4 0.4984375 0.3220562390158172 0.496875 0.028119507908611598
5 0.5015625 0.7451669595782073 0.4984375 0.08084358523725835
4 0.49609375 0.6458699472759226 0.39453125 0.03383128295254833
4 0.5046875 0.7460456942003515 0.2578125 0.028558875219683654