4 0.30625 0.10764499121265378 0.1890625 0.028119507908611598
1 0.31953125 0.1594903339191564 0.2125 0.029876977152899824
4 0.3765625 0.1594903339191564 0.0984375 0.020210896309314587
1 0.325 0.22978910369068542 0.2265625 0.029876977152899824
4 0.38203125 0.22978910369068542 0.1140625 0.020210896309314587
1 0.36640625 0.29833040421792617 0.30625 0.029876977152899824
4 0.42109375 0.30008787346221444 0.1953125 0.021968365553602813
1 0.31953125 0.37038664323374343 0.215625 0.029876977152899824
4 0.3765625 0.37038664323374343 0.1015625 0.020210896309314587
1 0.309375 0.4406854130052724 0.1953125 0.03163444639718805
4 0.36640625 0.44200351493848855 0.0828125 0.026362038664323375
1 0.34296875 0.5092267135325131 0.259375 0.029876977152899824
4 0.4 0.5109841827768014 0.1484375 0.020210896309314587
1 0.3609375 0.5812829525483304 0.2984375 0.03163444639718805
4 0.41796875 0.5826010544815465 0.1875 0.02460456942003515
1 0.35078125 0.6498242530755711 0.275 0.029876977152899824
4 0.40546875 0.6515817223198594 0.1640625 0.020210896309314587
1 0.35078125 0.7201230228471002 0.275 0.029876977152899824
4 0.4078125 0.7201230228471002 0.1640625 0.020210896309314587
1 0.325 0.7904217926186292 0.228125 0.03163444639718805
4 0.38203125 0.7939367311072056 0.1140625 0.02460456942003515
1 0.3140625 0.8607205623901582 0.203125 0.029876977152899824
4 0.37109375 0.8607205623901582 0.0859375 0.020210896309314587
4 0.74296875 0.9358523725834798 0.04375 0.01757469244288225
4 0.57109375 0.9358523725834798 0.1265625 0.015817223198594025