4 0.10390625 0.507908611599297 0.109375 0.01757469244288225
4 0.09609375 0.4314586994727592 0.103125 0.020210896309314587
4 0.1015625 0.3998242530755712 0.1015625 0.021968365553602813
2 0.87265625 0.945518453427065 0.04375 0.029876977152899824
2 0.6234375 0.945518453427065 0.05 0.029876977152899824
2 0.37421875 0.945518453427065 0.05 0.029876977152899824
2 0.121875 0.945518453427065 0.05 0.02460456942003515
4 0.10390625 0.8655536028119508 0.1140625 0.014059753954305799
4 0.64140625 0.7548330404217927 0.2 0.023725834797891036
4 0.62890625 0.7860281195079086 0.165625 0.01845342706502636
4 0.6 0.8655536028119508 0.1140625 0.014059753954305799
4 0.875 0.9780316344463972 0.165625 0.014059753954305799
4 0.6234375 0.976713532513181 0.171875 0.014059753954305799
4 0.37421875 0.9780316344463972 0.1421875 0.014059753954305799
4 0.125 0.9780316344463972 0.075 0.014059753954305799
4 0.1765625 0.7842706502636204 0.2578125 0.014059753954305799
4 0.16875 0.7530755711775043 0.2359375 0.01845342706502636
4 0.16640625 0.15333919156414763 0.140625 0.014059753954305799
4 0.4984375 0.15333919156414763 0.1609375 0.014059753954305799
4 0.83359375 0.15333919156414763 0.09375 0.014059753954305799
2 0.940625 0.07513181019332162 0.04375 0.028119507908611598
4 0.2984375 0.07644991212653779 0.24375 0.023725834797891036
2 0.0671875 0.07513181019332162 0.046875 0.020210896309314587
4 0.709375 0.687609841827768 0.140625 0.01757469244288225
4 0.47421875 0.6058875219683656 0.5625 0.026362038664323375
4 0.421875 0.5562390158172232 0.4515625 0.028119507908611598
3 0.4984375 0.4077328646748682 0.675 0.20650263620386644
4 0.36171875 0.6366432337434095 0.33203125 0.02680140597539543