2 0.0671875 0.07644991212653779 0.0390625 0.023725834797891036
4 0.4 0.11072056239015818 0.3796875 0.03427065026362039
1 0.39765625 0.1656414762741652 0.371875 0.029876977152899824
4 0.4546875 0.1656414762741652 0.2578125 0.023725834797891036
1 0.39765625 0.2359402460456942 0.371875 0.029876977152899824
4 0.4546875 0.2359402460456942 0.2578125 0.023725834797891036
1 0.3375 0.3062390158172232 0.2515625 0.03251318101933216
4 0.39453125 0.3093145869947276 0.1375 0.029876977152899824
1 0.38671875 0.37653778558875217 0.35 0.03251318101933216
4 0.44453125 0.37961335676625657 0.2390625 0.028119507908611598
1 0.31953125 0.44551845342706503 0.215625 0.029876977152899824
4 0.3765625 0.4468365553602812 0.1015625 0.021968365553602813
1 0.37109375 0.515817223198594 0.31875 0.029876977152899824
4 0.43125 0.5171353251318102 0.203125 0.023725834797891036
1 0.4078125 0.5861159929701231 0.3921875 0.029876977152899824
4 0.4671875 0.5874340949033392 0.275 0.023725834797891036
1 0.384375 0.656414762741652 0.3484375 0.029876977152899824
4 0.44453125 0.6577328646748682 0.23125 0.023725834797891036
1 0.41328125 0.7280316344463972 0.4 0.03251318101933216
4 0.4703125 0.7297891036906854 0.2859375 0.029876977152899824
1 0.36328125 0.7983304042179262 0.3015625 0.03427065026362039
4 0.42109375 0.8014059753954306 0.184375 0.029876977152899824
1 0.37421875 0.8686291739894552 0.325 0.03427065026362039
4 0.43125 0.8703866432337434 0.2078125 0.029876977152899824
4 0.56328125 0.9358523725834798 0.1484375 0.01845342706502636
4 0.74296875 0.9358523725834798 0.05 0.01845342706502636