4 0.17109375 0.1282952548330404 0.1921875 0.020210896309314587
4 0.4390625 0.2047451669595782 0.721875 0.021968365553602813
4 0.25703125 0.2781195079086116 0.3609375 0.021968365553602813
4 0.11953125 0.3563268892794376 0.096875 0.01757469244288225
4 0.121875 0.4266256590509666 0.1015625 0.021968365553602813
4 0.19453125 0.5017574692442882 0.246875 0.01757469244288225
4 0.35859375 0.7078207381370826 0.290625 0.021968365553602813
1 0.37109375 0.7904217926186292 0.5640625 0.028119507908611598
4 0.41328125 0.7952548330404218 0.478125 0.020210896309314587
5 0.5015625 0.8734622144112478 0.921875 0.07644991212653779
5 0.2546875 0.9595782073813708 0.4734375 0.05799648506151142
5 0.7453125 0.9595782073813708 0.4734375 0.05799648506151142
4 0.50078125 0.875219683655536 0.11953125 0.027240773286467488
4 0.25546875 0.960456942003515 0.153125 0.020650263620386643
4 0.74375 0.9600175746924429 0.3046875 0.023725834797891036