4 0.84453125 0.9437609841827768 0.109375 0.015817223198594025
4 0.615625 0.9437609841827768 0.1640625 0.014059753954305799
4 0.38203125 0.945079086115993 0.2140625 0.01845342706502636
4 0.153125 0.945518453427065 0.125 0.01845342706502636
3 0.84453125 0.8796133567662566 0.11875 0.07205623901581722
3 0.615625 0.8796133567662566 0.103125 0.06590509666080843
3 0.3921875 0.8796133567662566 0.1015625 0.07205623901581722
3 0.153125 0.8796133567662566 0.1140625 0.0641476274165202
4 0.84453125 0.7671353251318102 0.1375 0.015817223198594025
4 0.615625 0.7671353251318102 0.096875 0.01845342706502636
4 0.384375 0.7671353251318102 0.1875 0.01845342706502636
4 0.15546875 0.765817223198594 0.1109375 0.014059753954305799
3 0.84453125 0.7016695957820738 0.109375 0.06590509666080843
3 0.615625 0.7016695957820738 0.1171875 0.070298769771529
3 0.384375 0.7016695957820738 0.1109375 0.06854130052724078
3 0.153125 0.70298769771529 0.096875 0.056239015817223195
4 0.17890625 0.6142355008787346 0.278125 0.020210896309314587
4 0.38359375 0.9670474516695958 0.109375 0.019332161687170474