4 0.2125 0.4964850615114236 0.3578125 0.0210896309314587
2 0.83125 0.9639718804920914 0.0546875 0.03427065026362039
2 0.5015625 0.9626537785588752 0.0578125 0.03427065026362039
2 0.16640625 0.9626537785588752 0.0578125 0.03427065026362039
2 0.8828125 0.8501757469244289 0.140625 0.08260105448154657
4 0.49921875 0.7139718804920914 0.534375 0.026362038664323375
4 0.40546875 0.6058875219683656 0.7421875 0.02240773286467487
4 0.23359375 0.5755711775043937 0.40078125 0.022847100175746926
1 0.921875 0.5874340949033392 0.04375 0.026362038664323375
1 0.921875 0.4406854130052724 0.046875 0.026362038664323375
4 0.38359375 0.4305799648506151 0.69453125 0.023725834797891036
4 0.22421875 0.40202108963093147 0.36953125 0.02680140597539543
4 0.684375 0.28339191564147626 0.14453125 0.021968365553602813
4 0.44296875 0.28251318101933215 0.21484375 0.0210896309314587
3 0.15546875 0.2359402460456942 0.215625 0.13884007029876977
4 0.5625 0.20738137082601055 0.51640625 0.025483304042179262
4 0.52890625 0.17926186291739896 0.44609375 0.024165202108963092
4 0.23671875 0.07644991212653779 0.121875 0.02460456942003515
2 0.0671875 0.07513181019332162 0.05 0.021968365553602813
4 0.121875 0.45518453427065025 0.178125 0.021528998242530756