2 0.0828125 0.44859402460456943 0.0359375 0.023725834797891036
4 0.26484375 0.4468365553602812 0.278125 0.020210896309314587
2 0.0828125 0.37829525483304044 0.0390625 0.023725834797891036
4 0.21015625 0.37961335676625657 0.1609375 0.023725834797891036
2 0.0828125 0.30799648506151145 0.0390625 0.023725834797891036
4 0.2390625 0.3110720562390158 0.2265625 0.021968365553602813
2 0.0828125 0.23769771528998243 0.0359375 0.021968365553602813
4 0.1765625 0.23769771528998243 0.096875 0.01845342706502636
2 0.0828125 0.1687170474516696 0.0359375 0.021968365553602813
4 0.19765625 0.16739894551845344 0.1421875 0.01845342706502636
4 0.26484375 0.07952548330404217 0.1796875 0.029876977152899824
2 0.0671875 0.07644991212653779 0.0421875 0.02460456942003515