2 0.059375 0.7763620386643234 0.034375 0.020210896309314587
2 0.059375 0.7060632688927944 0.0359375 0.01845342706502636
2 0.0625 0.6357644991212654 0.0390625 0.020210896309314587
2 0.059375 0.5654657293497364 0.03125 0.021968365553602813
2 0.059375 0.4951669595782074 0.034375 0.020210896309314587
2 0.0625 0.4235500878734622 0.03125 0.01845342706502636
2 0.0625 0.3545694200351494 0.0578125 0.01845342706502636
2 0.0625 0.28427065026362036 0.0359375 0.021968365553602813
4 0.16640625 0.7781195079086116 0.090625 0.015817223198594025
4 0.2078125 0.7078207381370826 0.171875 0.01845342706502636
4 0.18203125 0.6392794376098418 0.121875 0.020210896309314587
4 0.20234375 0.5672231985940246 0.1578125 0.01845342706502636
4 0.184375 0.4982425307557118 0.125 0.021968365553602813
4 0.20234375 0.4248681898066784 0.1609375 0.01757469244288225
4 0.2234375 0.3545694200351494 0.2 0.01845342706502636
4 0.18984375 0.28427065026362036 0.1375 0.01757469244288225
2 0.13515625 0.1375219683655536 0.171875 0.10456942003514938