4 0.275 0.36862917398945516 0.1578125 0.01757469244288225
4 0.2515625 0.2781195079086116 0.109375 0.01845342706502636
3 0.13515625 0.36862917398945516 0.05 0.01757469244288225
2 0.13515625 0.27636203866432335 0.046875 0.028119507908611598
5 0.4984375 0.9578207381370826 0.996875 0.0843585237258348
5 0.4984375 0.8717047451669596 0.996875 0.0843585237258348
4 0.4984375 0.7939367311072056 0.2703125 0.01845342706502636
4 0.5015625 0.7482425307557118 0.309375 0.023725834797891036
4 0.5015625 0.18892794376098418 0.465625 0.01757469244288225
4 0.4984375 0.14367311072056238 0.1609375 0.021968365553602813
2 0.94296875 0.07644991212653779 0.0109375 0.02460456942003515
2 0.0671875 0.07644991212653779 0.0390625 0.023725834797891036
4 0.49765625 0.8743409490333919 0.15703125 0.029876977152899824
4 0.5 0.9586994727592267 0.2296875 0.027240773286467488