4 0.21015625 0.3936731107205624 0.1421875 0.01757469244288225
4 0.17109375 0.30448154657293497 0.0703125 0.014059753954305799
4 0.5015625 0.5641476274165202 0.3140625 0.023725834797891036
5 0.4984375 0.4876977152899824 0.921875 0.07381370826010544
2 0.0671875 0.390597539543058 0.034375 0.026362038664323375
2 0.0671875 0.3031634446397188 0.04375 0.01845342706502636
4 0.4984375 0.2438488576449912 0.03125 0.012302284710017574
5 0.5015625 0.1766256590509666 0.921875 0.07381370826010544
4 0.18203125 0.07644991212653779 0.1609375 0.021968365553602813
2 0.0625 0.07644991212653779 0.0265625 0.026362038664323375
4 0.50078125 0.4912126537785589 0.13125 0.02680140597539543
4 0.53984375 0.179701230228471 0.4734375 0.02680140597539543
2 0.25546875 0.17706502636203866 0.059375 0.03427065026362039