4 0.2859375 0.22012302284710017 0.2234375 0.021968365553602813
4 0.275 0.29042179261862916 0.203125 0.020210896309314587
4 0.2546875 0.38576449912126537 0.15625 0.020210896309314587
4 0.1375 0.4780316344463972 0.1953125 0.01757469244288225
4 0.18203125 0.5514059753954306 0.2828125 0.020210896309314587
4 0.13515625 0.6203866432337434 0.1921875 0.021968365553602813
4 0.2 0.6906854130052724 0.321875 0.020210896309314587
4 0.140625 0.7592267135325131 0.203125 0.01757469244288225
2 0.0671875 0.38268892794376097 0.0546875 0.020210896309314587
2 0.0671875 0.28734622144112476 0.046875 0.02460456942003515
2 0.0671875 0.21704745166959577 0.046875 0.028119507908611598
1 0.59609375 0.4789103690685413 0.0953125 0.03251318101933216