4 0.89609375 0.6814586994727593 0.134375 0.020210896309314587
4 0.23125 0.679701230228471 0.18125 0.01757469244288225
4 0.16875 0.593585237258348 0.0671875 0.015817223198594025
4 0.41015625 0.5922671353251318 0.2359375 0.01757469244288225
4 0.21015625 0.5048330404217927 0.1421875 0.01757469244288225
4 0.17890625 0.4173989455184534 0.0828125 0.01757469244288225
4 0.2 0.3312829525483304 0.125 0.014059753954305799
2 0.246875 0.5953427065026362 0.03125 0.009666080843585237
4 0.4984375 0.9402460456942003 0.6 0.025483304042179262
5 0.4984375 0.875219683655536 0.925 0.07381370826010544
2 0.0671875 0.679701230228471 0.046875 0.026362038664323375
2 0.0671875 0.5905096660808435 0.028125 0.026362038664323375
2 0.0671875 0.5030755711775043 0.034375 0.026362038664323375
2 0.0671875 0.413884007029877 0.04375 0.021968365553602813
2 0.0671875 0.3264499121265378 0.04375 0.02460456942003515
4 0.4984375 0.2671353251318102 0.034375 0.012302284710017574
5 0.4984375 0.1766256590509666 0.925 0.07381370826010544
4 0.18671875 0.07644991212653779 0.1734375 0.021968365553602813
2 0.0625 0.07644991212653779 0.028125 0.026362038664323375
4 0.50546875 0.9666080843585237 0.44765625 0.020650263620386643
4 0.54609375 0.17882249560632688 0.48984375 0.02899824253075571
2 0.253125 0.17794376098418277 0.07421875 0.03866432337434095
4 0.50078125 0.8756590509666081 0.1640625 0.024165202108963092