5 0.4984375 0.875219683655536 0.925 0.07381370826010544
4 0.49921875 0.9411247803163445 0.58984375 0.023725834797891036
5 0.4984375 0.1766256590509666 0.925 0.07469244288224956
4 0.18671875 0.07644991212653779 0.1734375 0.021968365553602813
2 0.0625 0.07644991212653779 0.028125 0.026362038664323375
2 0.84140625 0.35764499121265375 0.05 0.026362038664323375
4 0.784375 0.79701230228471 0.028125 0.01757469244288225
4 0.2390625 0.7952548330404218 0.2046875 0.01845342706502636
4 0.78671875 0.7407732864674869 0.0390625 0.014059753954305799
4 0.2828125 0.7407732864674869 0.290625 0.01845342706502636
4 0.8078125 0.687609841827768 0.075 0.01757469244288225
4 0.21015625 0.687609841827768 0.1453125 0.01845342706502636
4 0.8078125 0.632688927943761 0.0734375 0.01757469244288225
4 0.18984375 0.6357644991212654 0.109375 0.021968365553602813
4 0.8078125 0.5795254833040422 0.0734375 0.01845342706502636
4 0.28046875 0.5795254833040422 0.2828125 0.01757469244288225
4 0.8078125 0.5263620386643234 0.0703125 0.01757469244288225
4 0.1921875 0.5250439367311072 0.1140625 0.01845342706502636
4 0.8 0.47363796133567665 0.0578125 0.01757469244288225
4 0.18984375 0.4718804920913884 0.109375 0.01845342706502636
4 0.79453125 0.4187170474516696 0.05 0.015817223198594025
4 0.20234375 0.4187170474516696 0.1375 0.01757469244288225
4 0.50078125 0.29481546572934975 0.31171875 0.028119507908611598
4 0.15859375 0.36423550087873463 0.04375 0.01757469244288225
2 0.84140625 0.29217926186291737 0.0390625 0.021968365553602813
4 0.50234375 0.9652899824253075 0.440625 0.019332161687170474
4 0.49921875 0.875219683655536 0.1609375 0.023725834797891036
4 0.546875 0.17882249560632688 0.49609375 0.027240773286467488
2 0.2546875 0.17618629173989456 0.0609375 0.0351493848857645