5 0.121875 0.22275922671353252 0.1734375 0.05536028119507909
5 0.5578125 0.48857644991212656 0.3203125 0.28383128295254834
3 0.55703125 0.44859402460456943 0.159375 0.15114235500878734
5 0.175 0.1304920913884007 0.2640625 0.05711775043936731
3 0.7515625 0.8031634446397188 0.246875 0.18892794376098418
5 0.41640625 0.1304920913884007 0.178125 0.05536028119507909
5 0.61640625 0.1304920913884007 0.171875 0.05711775043936731
5 0.96484375 0.12917398945518455 0.06875 0.05711775043936731
5 0.1984375 0.48550087873462217 0.325 0.28471001757469244
3 0.2 0.4477152899824253 0.18125 0.1634446397188049
5 0.81875 0.13093145869947276 0.190625 0.054481546572934976
4 0.26953125 0.30096660808435854 0.471875 0.02899824253075571
2 0.07734375 0.03866432337434095 0.05 0.03163444639718805
4 0.67734375 0.9846221441124781 0.30625 0.027240773286467488
4 0.1984375 0.9868189806678384 0.346875 0.026362038664323375
4 0.2453125 0.9543057996485061 0.4265625 0.02899824253075571
4 0.2390625 0.9270650263620387 0.4296875 0.021968365553602813
4 0.70859375 0.9525483304042179 0.3640625 0.025483304042179262
4 0.7125 0.9257469244288224 0.3828125 0.02460456942003515
5 0.8796875 0.4876977152899824 0.240625 0.28383128295254834
3 0.90546875 0.44420035149384884 0.16875 0.14938488576449913
3 0.23828125 0.8005272407732865 0.209375 0.19244288224956063
4 0.55859375 0.5782073813708261 0.2328125 0.03690685413005272
4 0.2 0.5830404217926186 0.1890625 0.037785588752196834
4 0.88828125 0.5795254833040422 0.2234375 0.03954305799648506
4 0.1625 0.6669595782073814 0.2703125 0.0351493848857645
2 0.93515625 0.03734622144112478 0.096875 0.0492091388400703