4 0.2546875 0.10456942003514938 0.3921875 0.03602811950790861
2 0.89375 0.101493848857645 0.05 0.028119507908611598
4 0.40625 0.18233743409490333 0.6984375 0.03471001757469244
1 0.3328125 0.27987697715289983 0.5421875 0.029876977152899824
4 0.384375 0.281195079086116 0.4421875 0.028119507908611598
1 0.3453125 0.35764499121265375 0.565625 0.037785588752196834
4 0.39453125 0.35764499121265375 0.465625 0.03602811950790861
1 0.21328125 0.4266256590509666 0.303125 0.029876977152899824
4 0.2625 0.4279437609841828 0.203125 0.028119507908611598
1 0.22578125 0.5 0.3328125 0.03163444639718805
4 0.275 0.5017574692442882 0.23125 0.028119507908611598
1 0.18984375 0.5733743409490334 0.2578125 0.03163444639718805
4 0.24140625 0.5733743409490334 0.1578125 0.028119507908611598
1 0.22890625 0.6454305799648506 0.334375 0.029876977152899824
4 0.278125 0.6467486818980668 0.234375 0.028119507908611598
1 0.39765625 0.7236379613356766 0.6734375 0.037785588752196834
4 0.446875 0.7236379613356766 0.5734375 0.03602811950790861
1 0.18203125 0.7921792618629174 0.2421875 0.03163444639718805
4 0.23125 0.7939367311072056 0.140625 0.028119507908611598
5 0.4984375 0.9156414762741653 0.878125 0.09490333919156414
4 0.16640625 0.21616871704745166 0.21875 0.027680140597539545
4 0.5 0.9178383128295254 0.2921875 0.03910369068541301