4 0.1453125 0.5140597539543058 0.1875 0.020210896309314587
4 0.10390625 0.46265377855887524 0.1015625 0.021968365553602813
4 0.4984375 0.6766256590509666 0.7609375 0.021968365553602813
5 0.23671875 0.7407732864674869 0.3953125 0.070298769771529
5 0.5015625 0.5764499121265377 0.925 0.05799648506151142
4 0.15546875 0.640597539543058 0.2390625 0.020210896309314587
4 0.84140625 0.640597539543058 0.2421875 0.01757469244288225
4 0.47890625 0.4244288224956063 0.90390625 0.028119507908611598
4 0.4671875 0.39191564147627417 0.8734375 0.029437609841827767
4 0.484375 0.35984182776801404 0.90390625 0.028558875219683654
2 0.940625 0.07644991212653779 0.0625 0.0421792618629174
4 0.509375 0.07952548330404217 0.1015625 0.021968365553602813
2 0.0671875 0.07644991212653779 0.0578125 0.02460456942003515
4 0.50390625 0.5760105448154658 0.13125 0.026362038664323375
4 0.23359375 0.7403339191564148 0.3796875 0.027680140597539545