4 0.81328125 0.843585237258348 0.1296875 0.01757469244288225
2 0.1453125 0.7438488576449912 0.09375 0.05799648506151142
2 0.1484375 0.648506151142355 0.0890625 0.06590509666080843
2 0.1484375 0.554481546572935 0.103125 0.06590509666080843
2 0.1453125 0.45957820738137084 0.109375 0.06239015817223199
2 0.1453125 0.36862917398945516 0.1140625 0.06239015817223199
2 0.1484375 0.2750439367311072 0.11875 0.07205623901581722
4 0.3484375 0.7438488576449912 0.228125 0.026362038664323375
4 0.53515625 0.6498242530755711 0.634375 0.026362038664323375
4 0.39453125 0.5562390158172232 0.334375 0.026362038664323375
4 0.29609375 0.46265377855887524 0.1265625 0.026362038664323375
4 0.3609375 0.37346221441124783 0.2578125 0.03251318101933216
4 0.3453125 0.27636203866432335 0.2234375 0.026362038664323375
4 0.25703125 0.1999121265377856 0.2671875 0.029876977152899824