4 0.75078125 0.9657293497363796 0.075 0.026362038664323375
4 0.24921875 0.9657293497363796 0.11875 0.028119507908611598
5 0.4984375 0.7921792618629174 0.9015625 0.07381370826010544
5 0.4984375 0.710896309314587 0.903125 0.07205623901581722
4 0.4984375 0.8923550087873462 0.5453125 0.026362038664323375
4 0.4984375 0.8681898066783831 0.63359375 0.021528998242530756
4 0.49375 0.3422671353251318 0.771875 0.0843585237258348
3 0.3296875 0.2218804920913884 0.434375 0.11862917398945519
4 0.50078125 0.7122144112478032 0.375 0.027680140597539545
4 0.50234375 0.7943760984182777 0.340625 0.03031634446397188
2 0.13046875 0.7117750439367311 0.040625 0.03646748681898067
2 0.1328125 0.7917398945518453 0.0875 0.03427065026362039