2 0.76640625 0.6937609841827768 0.09375 0.05184534270650264
2 0.59453125 0.6937609841827768 0.09375 0.05184534270650264
2 0.4234375 0.695518453427065 0.0890625 0.048330404217926184
2 0.2515625 0.6937609841827768 0.0984375 0.054481546572934976
4 0.765625 0.7508787346221442 0.1109375 0.019332161687170474
4 0.7640625 0.734182776801406 0.075 0.014059753954305799
4 0.59453125 0.7328646748681898 0.075 0.01054481546572935
4 0.4234375 0.734182776801406 0.1265625 0.014059753954305799
4 0.2515625 0.734182776801406 0.1171875 0.014059753954305799
4 0.50078125 0.5966608084358523 0.584375 0.03251318101933216
2 0.77890625 0.23110720562390158 0.034375 0.020210896309314587
4 0.49921875 0.36687170474516695 0.6375 0.029876977152899824
4 0.50078125 0.335676625659051 0.540625 0.027240773286467488
4 0.50859375 0.30579964850615116 0.65546875 0.03031634446397188
3 0.509375 0.5030755711775043 0.2 0.13005272407732865
4 0.5015625 0.22978910369068542 0.2046875 0.020210896309314587
4 0.50234375 0.3976274165202109 0.1109375 0.026362038664323375
4 0.503125 0.6304920913884007 0.25234375 0.035588752196836555