2 0.20234375 0.9187170474516696 0.028125 0.021968365553602813
4 0.5296875 0.5861159929701231 0.1375 0.01845342706502636
5 0.4984375 0.8282073813708261 0.4859375 0.056239015817223195
4 0.521875 0.9204745166959578 0.58125 0.01845342706502636
2 0.42890625 0.5891915641476274 0.04375 0.023725834797891036
4 0.5015625 0.5329525483304042 0.7734375 0.021968365553602813
4 0.5015625 0.5030755711775043 0.3265625 0.01845342706502636
4 0.5015625 0.4406854130052724 0.3921875 0.02460456942003515
3 0.5015625 0.336115992970123 0.1578125 0.09490333919156414
4 0.4984375 0.07644991212653779 0.41875 0.026362038664323375
2 0.07265625 0.07644991212653779 0.0359375 0.023725834797891036