4 0.49921875 0.968365553602812 0.1578125 0.021968365553602813
4 0.4984375 0.9077328646748682 0.3734375 0.015817223198594025
5 0.7375 0.8576449912126538 0.4515625 0.06590509666080843
5 0.259375 0.8576449912126538 0.4515625 0.06590509666080843
5 0.7375 0.7763620386643234 0.45 0.0641476274165202
5 0.259375 0.7763620386643234 0.45 0.06239015817223199
2 0.0625 0.6515817223198594 0.05 0.028119507908611598
4 0.490625 0.6414762741652021 0.73203125 0.02328646748681898
2 0.0625 0.5720562390158173 0.05 0.026362038664323375
4 0.50859375 0.5584358523725835 0.76171875 0.020210896309314587
2 0.06484375 0.4890158172231986 0.05 0.029876977152899824
4 0.49375 0.4797891036906854 0.74921875 0.023725834797891036
3 0.4984375 0.1968365553602812 0.996875 0.3216168717047452
2 0.4984375 0.36072056239015815 0.2 0.12214411247803164
4 0.21171875 0.5052724077328646 0.1890625 0.025483304042179262
4 0.2515625 0.5826010544815465 0.25234375 0.024165202108963092
4 0.21640625 0.664323374340949 0.1796875 0.01977152899824253
4 0.7375 0.7785588752196837 0.12734375 0.030755711775043937
4 0.73984375 0.8607205623901582 0.13828125 0.030755711775043937
4 0.2609375 0.7789982425307557 0.14765625 0.03163444639718805
4 0.2625 0.8576449912126538 0.19375 0.02592267135325132