4 0.45234375 0.578646748681898 0.684375 0.02328646748681898
4 0.4375 0.554481546572935 0.63046875 0.025483304042179262
4 0.4671875 0.4828646748681898 0.68671875 0.021968365553602813
4 0.4875 0.46045694200351495 0.73125 0.0210896309314587
4 0.4546875 0.390597539543058 0.6625 0.023725834797891036
5 0.4984375 0.8532513181019332 0.75625 0.070298769771529
5 0.4984375 0.7482425307557118 0.75625 0.070298769771529
4 0.484375 0.6537785588752196 0.71640625 0.023725834797891036
4 0.51796875 0.34578207381370824 0.50703125 0.029437609841827767
4 0.375 0.3141476274165202 0.24296875 0.025483304042179262
3 0.18203125 0.3264499121265378 0.1015625 0.06063268892794376
3 0.5015625 0.2060632688927944 0.196875 0.11423550087873462
4 0.37421875 0.4156414762741652 0.5171875 0.021528998242530756
4 0.2796875 0.5101054481546573 0.31953125 0.026362038664323375
4 0.3796875 0.6045694200351494 0.52734375 0.026362038664323375
4 0.49921875 0.75 0.43515625 0.021968365553602813
4 0.50078125 0.8545694200351494 0.36953125 0.021968365553602813