4 0.4984375 0.9516695957820738 0.2984375 0.015817223198594025
2 0.92734375 0.06854130052724078 0.059375 0.021968365553602813
4 0.15078125 0.06854130052724078 0.25 0.020210896309314587
4 0.4984375 0.218804920913884 0.28125 0.021968365553602813
5 0.69609375 0.8282073813708261 0.3875 0.09402460456942004
5 0.30625 0.8282073813708261 0.3875 0.09402460456942004
4 0.37890625 0.6656414762741653 0.3640625 0.021968365553602813
4 0.3453125 0.617311072056239 0.2984375 0.028119507908611598
4 0.34296875 0.5654657293497364 0.296875 0.026362038664323375
4 0.39453125 0.515817223198594 0.4 0.026362038664323375
4 0.37890625 0.46572934973637964 0.365625 0.028119507908611598
4 0.3921875 0.413884007029877 0.3890625 0.026362038664323375
4 0.38984375 0.36423550087873463 0.3875 0.026362038664323375
4 0.44453125 0.312390158172232 0.496875 0.026362038664323375
4 0.42578125 0.2640597539543058 0.4578125 0.02460456942003515
4 0.4984375 0.1608084358523726 0.2 0.020210896309314587