4 0.17890625 0.1625659050966608 0.1140625 0.02460456942003515
1 0.26484375 0.22803163444639718 0.2734375 0.028119507908611598
4 0.321875 0.22803163444639718 0.1609375 0.021968365553602813
1 0.23671875 0.29833040421792617 0.21875 0.028119507908611598
4 0.290625 0.30008787346221444 0.109375 0.020210896309314587
1 0.25703125 0.36862917398945516 0.259375 0.029876977152899824
4 0.3140625 0.36862917398945516 0.1453125 0.021968365553602813
1 0.246875 0.4389279437609842 0.2390625 0.029876977152899824
4 0.3015625 0.437609841827768 0.1265625 0.021968365553602813
1 0.23125 0.5092267135325131 0.2046875 0.029876977152899824
4 0.28828125 0.5109841827768014 0.090625 0.026362038664323375
1 0.24140625 0.5795254833040422 0.2265625 0.028119507908611598
4 0.2984375 0.5795254833040422 0.1140625 0.020210896309314587
1 0.2625 0.6498242530755711 0.265625 0.028119507908611598
4 0.3171875 0.6498242530755711 0.153125 0.020210896309314587
1 0.2671875 0.718804920913884 0.278125 0.028119507908611598
4 0.325 0.718804920913884 0.165625 0.021968365553602813
1 0.290625 0.789103690685413 0.325 0.028119507908611598
4 0.3484375 0.789103690685413 0.2125 0.021968365553602813
4 0.82890625 0.8782952548330404 0.05 0.01845342706502636