5 0.5015625 0.9516695957820738 0.3328125 0.09490333919156414
5 0.83359375 0.9516695957820738 0.3328125 0.09490333919156414
5 0.16640625 0.9516695957820738 0.3328125 0.09490333919156414
4 0.4921875 0.7978910369068541 0.4640625 0.03251318101933216
4 0.49921875 0.7636203866432337 0.5125 0.031195079086115993
4 0.5015625 0.7311072056239016 0.528125 0.029437609841827767
4 0.4984375 0.6963971880492091 0.484375 0.031195079086115993
4 0.49296875 0.663444639718805 0.49765625 0.023725834797891036
4 0.5015625 0.5685413005272407 0.6421875 0.026362038664323375
3 0.4984375 0.3233743409490334 0.6 0.39191564147627417
4 0.1625 0.9525483304042179 0.14296875 0.02240773286467487
4 0.496875 0.9507908611599297 0.20546875 0.02240773286467487
4 0.83046875 0.9521089630931459 0.13828125 0.025043936731107205