4 0.1140625 0.851493848857645 0.1453125 0.01757469244288225
4 0.1140625 0.773286467486819 0.1421875 0.01757469244288225
4 0.16640625 0.695518453427065 0.2515625 0.01845342706502636
4 0.0859375 0.6186291739894552 0.09375 0.01757469244288225
4 0.1296875 0.5404217926186292 0.1796875 0.01757469244288225
4 0.109375 0.46397188049209137 0.134375 0.01757469244288225
4 0.125 0.3875219683655536 0.171875 0.01845342706502636
4 0.1015625 0.3093145869947276 0.11875 0.01757469244288225
4 0.078125 0.23418277680140598 0.075 0.021968365553602813
4 0.83359375 0.9780316344463972 0.0546875 0.014059753954305799
4 0.5015625 0.9780316344463972 0.140625 0.014059753954305799
4 0.16875 0.9749560632688928 0.0734375 0.015817223198594025
2 0.83359375 0.9468365553602812 0.059375 0.03427065026362039
2 0.5015625 0.9468365553602812 0.0578125 0.03427065026362039
2 0.16640625 0.9437609841827768 0.059375 0.03602811950790861
4 0.1328125 0.1577328646748682 0.1875 0.023725834797891036
4 0.2625 0.07644991212653779 0.228125 0.021968365553602813
2 0.9328125 0.07644991212653779 0.0578125 0.03251318101933216
2 0.06484375 0.07513181019332162 0.0390625 0.023725834797891036