5 0.215625 0.9138840070298769 0.2984375 0.06854130052724078
5 0.51171875 0.9138840070298769 0.29375 0.06854130052724078
4 0.44609375 0.5474516695957821 0.69296875 0.028119507908611598
4 0.428125 0.5175746924428822 0.6546875 0.028558875219683654
4 0.44453125 0.30448154657293497 0.6859375 0.030755711775043937
4 0.265625 0.210896309314587 0.33203125 0.023725834797891036
5 0.79765625 0.9138840070298769 0.2734375 0.06854130052724078
4 0.17578125 0.13181019332161686 0.14375 0.030755711775043937
4 0.48203125 0.640597539543058 0.7625 0.028558875219683654
4 0.43515625 0.6076449912126538 0.67421875 0.03031634446397188
4 0.38984375 0.577768014059754 0.5828125 0.025043936731107205
4 0.46796875 0.7007908611599297 0.73203125 0.02592267135325132
4 0.36875 0.671353251318102 0.5359375 0.028558875219683654
4 0.41015625 0.7930579964850615 0.61875 0.03031634446397188
4 0.42890625 0.7609841827768014 0.65625 0.02899824253075571
4 0.259375 0.7289103690685413 0.3125 0.02460456942003515
4 0.2125 0.2429701230228471 0.228125 0.029876977152899824
4 0.471875 0.36467486818980666 0.74296875 0.03031634446397188
4 0.28125 0.3347978910369069 0.36171875 0.026362038664323375
4 0.46015625 0.4257469244288225 0.71953125 0.028119507908611598
4 0.1484375 0.3958699472759227 0.10078125 0.028558875219683654
4 0.38359375 0.45694200351493847 0.56640625 0.028558875219683654
4 0.2125 0.9187170474516696 0.17734375 0.023725834797891036
4 0.51640625 0.9173989455184535 0.171875 0.02592267135325132
4 0.79765625 0.9173989455184535 0.09609375 0.02592267135325132