2 0.0671875 0.07644991212653779 0.0421875 0.02460456942003515
4 0.1140625 0.9907732864674869 0.0671875 0.015817223198594025
4 0.184375 0.9639718804920914 0.2125 0.02460456942003515
4 0.1328125 0.9077328646748682 0.109375 0.020210896309314587
4 0.2078125 0.8295254833040422 0.2578125 0.01757469244288225
4 0.259375 0.8000878734622144 0.3640625 0.020210896309314587
4 0.18984375 0.7469244288224957 0.2203125 0.01757469244288225
4 0.11171875 0.6704745166959578 0.0625 0.01757469244288225
4 0.184375 0.640597539543058 0.2125 0.01845342706502636
4 0.10625 0.562390158172232 0.0578125 0.01757469244288225
4 0.18671875 0.5360281195079086 0.215625 0.023725834797891036
4 0.11171875 0.45606326889279436 0.0671875 0.020210896309314587
4 0.15546875 0.4248681898066784 0.15 0.01845342706502636
4 0.11171875 0.3484182776801406 0.065625 0.020210896309314587
4 0.17890625 0.320298769771529 0.2 0.023725834797891036
4 0.09375 0.2390158172231986 0.03125 0.015817223198594025
4 0.18671875 0.2126537785588752 0.21875 0.023725834797891036
4 0.22578125 0.07952548330404217 0.1578125 0.02460456942003515
4 0.1171875 0.1546572934973638 0.075 0.01757469244288225