2 0.9453125 0.07644991212653779 0.0109375 0.023725834797891036
2 0.0671875 0.07644991212653779 0.046875 0.01845342706502636
4 0.26484375 0.07644991212653779 0.2390625 0.020210896309314587
4 0.4984375 0.25 0.4828125 0.02460456942003515
4 0.49921875 0.3391915641476274 0.6125 0.024165202108963092
4 0.50078125 0.31370826010544817 0.64453125 0.020650263620386643
4 0.2828125 0.3993848857644991 0.20078125 0.02328646748681898
4 0.23203125 0.4890158172231986 0.09765625 0.019332161687170474
4 0.28046875 0.5672231985940246 0.1875 0.020210896309314587
4 0.69609375 0.6296133567662566 0.2578125 0.01757469244288225
4 0.50703125 0.6735500878734623 0.51484375 0.021528998242530756
1 0.5265625 0.6845342706502636 0.56953125 0.043497363796133566
5 0.3296875 0.7719683655536028 0.3140625 0.070298769771529
5 0.6703125 0.7719683655536028 0.3140625 0.070298769771529
4 0.3328125 0.6968365553602812 0.1703125 0.020210896309314587
4 0.33046875 0.7741652021089631 0.128125 0.020210896309314587
4 0.66875 0.7741652021089631 0.29453125 0.020650263620386643