3 0.06640625 0.03251318101933216 0.084375 0.0492091388400703
3 0.0671875 0.03251318101933216 0.0703125 0.05008787346221441
4 0.2828125 0.9459578207381371 0.471875 0.040421792618629174
4 0.20625 0.8211775043936731 0.3046875 0.03251318101933216
4 0.309375 0.5184534270650264 0.528125 0.03954305799648506
4 0.415625 0.8914762741652021 0.7296875 0.03251318101933216
4 0.41953125 0.8589630931458699 0.74375 0.026362038664323375
4 0.353125 0.9824253075571178 0.6109375 0.030755711775043937
4 0.4484375 0.4349736379613357 0.7921875 0.02899824253075571
4 0.35625 0.7003514938488576 0.6171875 0.03690685413005272
4 0.43125 0.7359402460456942 0.7671875 0.029876977152899824
4 0.365625 0.39806678383128297 0.634375 0.03866432337434095
4 0.4890625 0.5878734622144113 0.8765625 0.029876977152899824
4 0.4484375 0.5571177504393673 0.8015625 0.026362038664323375
4 0.23828125 0.2719683655536028 0.3640625 0.03427065026362039
4 0.43671875 0.171792618629174 0.7828125 0.029876977152899824
4 0.471875 0.13620386643233742 0.8734375 0.03163444639718805
4 0.32109375 0.033391915641476276 0.4109375 0.02899824253075571
4 0.396875 0.10105448154657294 0.6984375 0.03602811950790861
4 0.46171875 0.3101933216168717 0.8328125 0.027240773286467488
4 0.15078125 0.21748681898066785 0.2078125 0.028119507908611598
1 0.8828125 0.8506151142355008 0.06875 0.02899824253075571
1 0.8859375 0.9740773286467487 0.0640625 0.03427065026362039
4 0.475 0.34182776801405973 0.853125 0.02899824253075571
4 0.25 0.46528998242530756 0.39375 0.02899824253075571
4 0.45234375 0.616871704745167 0.803125 0.021968365553602813
4 0.3671875 0.6454305799648506 0.6265625 0.028119507908611598
4 0.2453125 0.7671353251318102 0.390625 0.029876977152899824