4 0.2390625 0.2157293497363796 0.3578125 0.015817223198594025
2 0.05703125 0.4468365553602812 0.0359375 0.012302284710017574
2 0.059375 0.6032513181019332 0.0359375 0.012302284710017574
2 0.05703125 0.7592267135325131 0.0359375 0.012302284710017574
2 0.05703125 0.9156414762741653 0.0359375 0.012302284710017574
2 0.91171875 0.9657293497363796 0.04375 0.028119507908611598
2 0.70625 0.9657293497363796 0.046875 0.028119507908611598
2 0.5015625 0.9657293497363796 0.05 0.029876977152899824
2 0.29375 0.9657293497363796 0.0421875 0.026362038664323375
2 0.0859375 0.9670474516695958 0.0234375 0.023725834797891036
4 0.21328125 0.9156414762741653 0.1484375 0.014059753954305799
4 0.090625 0.9138840070298769 0.0265625 0.01054481546572935
2 0.84453125 0.8686291739894552 0.23125 0.10808435852372583
4 0.340625 0.851493848857645 0.6 0.04657293497363796
4 0.23671875 0.7592267135325131 0.1953125 0.01054481546572935
4 0.090625 0.757908611599297 0.0265625 0.01054481546572935
2 0.84453125 0.7126537785588752 0.23125 0.10808435852372583
4 0.3453125 0.6985940246045694 0.6109375 0.023725834797891036
4 0.23359375 0.6032513181019332 0.1875 0.015817223198594025
4 0.090625 0.601493848857645 0.0265625 0.01054481546572935
2 0.84453125 0.5562390158172232 0.23125 0.10808435852372583
4 0.34921875 0.5408611599297012 0.64375 0.025043936731107205
4 0.315625 0.5140597539543058 0.56484375 0.02460456942003515
4 0.215625 0.44551845342706503 0.15 0.012302284710017574
4 0.090625 0.44551845342706503 0.0265625 0.01054481546572935
2 0.84453125 0.3998242530755712 0.23125 0.10808435852372583
4 0.28671875 0.38532513181019334 0.5046875 0.02592267135325132
4 0.32421875 0.35676625659050965 0.58046875 0.027680140597539545
4 0.82578125 0.29393673110720564 0.1171875 0.01757469244288225
4 0.4515625 0.29393673110720564 0.0890625 0.015817223198594025
4 0.275 0.29393673110720564 0.0734375 0.01757469244288225
4 0.08046875 0.29393673110720564 0.1578125 0.015817223198594025
2 0.95078125 0.29393673110720564 0.0390625 0.021968365553602813
4 0.63671875 0.29525483304042177 0.134375 0.01757469244288225
4 0.5015625 0.11862917398945519 0.2515625 0.05184534270650264
2 0.9484375 0.07644991212653779 0.0125 0.02460456942003515
4 0.18671875 0.4125659050966608 0.30390625 0.027240773286467488
4 0.11953125 0.5672231985940246 0.18125 0.025043936731107205