2 0.91171875 0.9657293497363796 0.04375 0.028119507908611598
2 0.95078125 0.0641476274165202 0.0359375 0.021968365553602813
2 0.70625 0.9670474516695958 0.046875 0.028119507908611598
2 0.4984375 0.9657293497363796 0.05 0.029876977152899824
2 0.29375 0.9670474516695958 0.0390625 0.02460456942003515
2 0.0859375 0.9670474516695958 0.0203125 0.023725834797891036
2 0.82578125 0.8014059753954306 0.2671875 0.11687170474516696
4 0.33984375 0.7869068541300527 0.6078125 0.029876977152899824
4 0.2765625 0.757908611599297 0.46953125 0.02328646748681898
4 0.20546875 0.7218804920913884 0.0828125 0.01054481546572935
4 0.21796875 0.7016695957820738 0.10625 0.012302284710017574
3 0.090625 0.710896309314587 0.096875 0.03251318101933216
2 0.82578125 0.5891915641476274 0.2671875 0.11687170474516696
4 0.31640625 0.5738137082601055 0.5546875 0.027240773286467488
4 0.3609375 0.5448154657293497 0.64375 0.025043936731107205
4 0.20546875 0.507908611599297 0.0828125 0.012302284710017574
4 0.21796875 0.4890158172231986 0.10625 0.014059753954305799
3 0.090625 0.4969244288224956 0.096875 0.03251318101933216
2 0.82578125 0.37653778558875217 0.2671875 0.11599297012302284
4 0.29375 0.36203866432337434 0.521875 0.028119507908611598
4 0.28125 0.3312829525483304 0.496875 0.027240773286467488
4 0.21015625 0.29525483304042177 0.09375 0.012302284710017574
4 0.215625 0.2750439367311072 0.10625 0.012302284710017574
3 0.090625 0.28427065026362036 0.096875 0.03251318101933216
2 0.82578125 0.1625659050966608 0.2671875 0.11599297012302284
4 0.28125 0.14982425307557118 0.48515625 0.026362038664323375
4 0.31328125 0.11818980667838312 0.546875 0.028558875219683654
4 0.70625 0.06239015817223199 0.1109375 0.01757469244288225
4 0.5015625 0.06239015817223199 0.1765625 0.01757469244288225
4 0.278125 0.06546572934973638 0.1484375 0.020210896309314587
4 0.08828125 0.06546572934973638 0.1109375 0.020210896309314587
4 0.86484375 0.06239015817223199 0.075 0.01757469244288225
4 0.203125 0.8176625659050967 0.3375 0.026362038664323375
4 0.16875 0.17794376098418277 0.26328125 0.026362038664323375