4 0.4984375 0.906414762741652 0.3109375 0.03427065026362039
4 0.5015625 0.945518453427065 0.403125 0.020210896309314587
4 0.5015625 0.10764499121265378 0.4515625 0.015817223198594025
4 0.5015625 0.7952548330404218 0.1640625 0.020210896309314587
5 0.71171875 0.6858523725834798 0.4 0.06678383128295255
5 0.28828125 0.6858523725834798 0.4 0.06678383128295255
4 0.50078125 0.5861159929701231 0.23671875 0.019332161687170474
4 0.4984375 0.30799648506151145 0.5140625 0.02460456942003515
5 0.4984375 0.46572934973637964 0.8703125 0.09490333919156414
4 0.48671875 0.46660808435852374 0.29140625 0.026362038664323375
4 0.325 0.6867311072056239 0.1828125 0.02680140597539543
4 0.75078125 0.68804920913884 0.1421875 0.027680140597539545
2 0.56328125 0.6858523725834798 0.0671875 0.03690685413005272
2 0.1421875 0.6858523725834798 0.0640625 0.03866432337434095