4 0.36875 0.5263620386643234 0.2 0.020210896309314587
4 0.37421875 0.421792618629174 0.2125 0.01845342706502636
2 0.17890625 0.5250439367311072 0.0546875 0.01845342706502636
2 0.17890625 0.4204745166959578 0.0546875 0.03251318101933216
4 0.7484375 0.9657293497363796 0.0890625 0.020210896309314587
4 0.50390625 0.9657293497363796 0.3171875 0.01757469244288225
4 0.2546875 0.9657293497363796 0.09375 0.01757469244288225
4 0.4984375 0.7328646748681898 0.3375 0.020210896309314587
5 0.4984375 0.648506151142355 0.6203125 0.07205623901581722
4 0.4984375 0.28295254833040423 0.415625 0.03251318101933216
3 0.4984375 0.1937609841827768 0.2390625 0.10808435852372583
4 0.521875 0.6515817223198594 0.30859375 0.024165202108963092
2 0.3359375 0.6489455184534271 0.03515625 0.027240773286467488