4 0.1140625 0.18760984182776802 0.1484375 0.015817223198594025
4 0.16875 0.2157293497363796 0.259375 0.01757469244288225
4 0.2625 0.28734622144112476 0.171875 0.01845342706502636
4 0.309375 0.35764499121265375 0.2703125 0.020210896309314587
4 0.275 0.4279437609841828 0.1953125 0.01845342706502636
4 0.2390625 0.5 0.1265625 0.021968365553602813
4 0.25703125 0.593585237258348 0.1640625 0.01845342706502636
4 0.23359375 0.6625659050966608 0.1109375 0.015817223198594025
2 0.0703125 0.6625659050966608 0.0546875 0.029876977152899824
2 0.0671875 0.5922671353251318 0.0578125 0.026362038664323375
2 0.044477262499999996 0.5128205123022848 0.09451418125 0.5128205123022848 0.09451418125 0.48272017838312825 0.044477262499999996 0.48272017838312825 0.044477262499999996 0.5128205123022848
2 0.0671875 0.4279437609841828 0.028125 0.03251318101933216
2 0.0703125 0.35764499121265375 0.04375 0.029876977152899824
4 0.0703125 0.28602811950790863 0.04375 0.029876977152899824
2 0.70625 0.210896309314587 0.05 0.03163444639718805
2 0.037064384374999995 0.147157190685413 0.1945880203125 0.147157190685413 0.1945880203125 0.05128205184534271 0.037064384374999995 0.05128205184534271 0.037064384374999995 0.147157190685413