4 0.11953125 0.6203866432337434 0.1609375 0.01845342706502636
4 0.1375 0.515817223198594 0.1953125 0.021968365553602813
4 0.1484375 0.406414762741652 0.21875 0.01845342706502636
4 0.08046875 0.30008787346221444 0.08125 0.01845342706502636
4 0.4984375 0.789103690685413 0.665625 0.01757469244288225
4 0.5015625 0.7592267135325131 0.8078125 0.01845342706502636
5 0.5015625 0.7047451669595782 0.9484375 0.06854130052724078
4 0.11953125 0.5922671353251318 0.1578125 0.020210896309314587
4 0.1015625 0.4876977152899824 0.125 0.02460456942003515
4 0.10625 0.37829525483304044 0.1328125 0.020210896309314587
4 0.16875 0.2719683655536028 0.2515625 0.021968365553602813
4 0.50078125 0.17794376098418277 0.86171875 0.028558875219683654
4 0.49921875 0.14718804920913883 0.5515625 0.025043936731107205
4 0.20546875 0.07820738137082602 0.3296875 0.03163444639718805
4 0.940625 0.07644991212653779 0.0703125 0.01845342706502636
4 0.49453125 0.21045694200351495 0.3140625 0.027240773286467488
4 0.49765625 0.7021089630931459 0.284375 0.025043936731107205