4 0.1890625 0.6296133567662566 0.2734375 0.03251318101933216
5 0.66796875 0.4318980667838313 0.2875 0.0773286467486819
2 0.06640625 0.3194200351493849 0.065625 0.03163444639718805
2 0.06953125 0.22319859402460457 0.0515625 0.03954305799648506
4 0.18671875 0.7302284710017575 0.2796875 0.03163444639718805
5 0.3265625 0.4288224956063269 0.278125 0.0773286467486819
4 0.1859375 0.6788224956063269 0.2734375 0.02899824253075571
4 0.1875 0.7789982425307557 0.2703125 0.033391915641476276
4 0.1828125 0.9231107205623902 0.278125 0.040421792618629174
4 0.1875 0.8255711775043937 0.2734375 0.033391915641476276
5 0.66953125 0.9217926186291739 0.5296875 0.03602811950790861
5 0.67265625 0.874780316344464 0.53125 0.03602811950790861
5 0.67109375 0.8264499121265377 0.528125 0.0351493848857645
5 0.66953125 0.7763620386643234 0.534375 0.040421792618629174
5 0.67265625 0.7280316344463972 0.53125 0.03427065026362039
5 0.6703125 0.6775043936731108 0.5359375 0.03866432337434095
5 0.6703125 0.6287346221441125 0.5359375 0.03602811950790861
4 0.28203125 0.04437609841827768 0.2078125 0.03163444639718805
4 0.184375 0.8708260105448155 0.2796875 0.0351493848857645
4 0.221875 0.31985940246045697 0.2171875 0.03251318101933216
4 0.19765625 0.22231985940246046 0.1703125 0.028119507908611598
4 0.86640625 0.320298769771529 0.1796875 0.033391915641476276
4 0.20625 0.5738137082601055 0.3125 0.05008787346221441
4 0.87734375 0.22100175746924428 0.1859375 0.03954305799648506
2 0.0671875 0.03690685413005272 0.075 0.0351493848857645
4 0.67109375 0.6291739894551845 0.075 0.025483304042179262
4 0.66640625 0.6779437609841827 0.0640625 0.021968365553602813
4 0.6703125 0.7275922671353251 0.059375 0.023725834797891036
4 0.66875 0.7776801405975395 0.059375 0.02460456942003515
4 0.671875 0.8242530755711776 0.0625 0.0210896309314587
4 0.67109375 0.8743409490333919 0.0734375 0.02460456942003515
4 0.67421875 0.9217926186291739 0.0796875 0.025483304042179262
4 0.66796875 0.4288224956063269 0.22734375 0.02328646748681898
4 0.33046875 0.4305799648506151 0.23203125 0.01977152899824253