5 0.5015625 0.8079964850615114 0.925 0.06854130052724078
4 0.50078125 0.9420035149384886 0.84609375 0.02328646748681898
4 0.4984375 0.8875219683655536 0.309375 0.02460456942003515
4 0.5 0.422231985940246 0.84609375 0.05228471001757469
4 0.8546875 0.059314586994727594 0.1171875 0.01845342706502636
3 0.4984375 0.05799648506151142 0.1734375 0.037785588752196834
4 0.1453125 0.059314586994727594 0.1453125 0.01757469244288225
4 0.49765625 0.47934973637961337 0.75546875 0.05272407732864675
4 0.49921875 0.9657293497363796 0.3921875 0.024165202108963092
4 0.53125 0.8084358523725835 0.509375 0.02680140597539543
2 0.2421875 0.8066783831282952 0.04609375 0.02680140597539543