4 0.4984375 0.6832161687170475 0.80234375 0.02460456942003515
4 0.503125 0.6568541300527241 0.8984375 0.020210896309314587
4 0.5 0.633128295254833 0.73515625 0.020650263620386643
5 0.4984375 0.5452548330404218 0.5921875 0.05975395430579965
5 0.5015625 0.45166959578207383 0.5921875 0.05799648506151142
5 0.4984375 0.359402460456942 0.5953125 0.05975395430579965
4 0.54140625 0.36379613356766255 0.3796875 0.021968365553602813
4 0.53203125 0.45694200351493847 0.3390625 0.025043936731107205
4 0.50390625 0.54701230228471 0.50703125 0.025043936731107205
2 0.2484375 0.3602811950790861 0.0640625 0.02680140597539543
2 0.24375 0.45254833040421794 0.03984375 0.02240773286467487