2 0.0671875 0.9718804920913884 0.0421875 0.026362038664323375
2 0.0671875 0.9015817223198594 0.046875 0.021968365553602813
3 0.0671875 0.8312829525483304 0.05 0.03251318101933216
3 0.0671875 0.7609841827768014 0.05 0.021968365553602813
3 0.0671875 0.6906854130052724 0.0546875 0.026362038664323375
2 0.0671875 0.5373462214411248 0.0421875 0.026362038664323375
2 0.0671875 0.46704745166959577 0.0359375 0.03163444639718805
3 0.0703125 0.3967486818980668 0.0421875 0.026362038664323375
4 0.2390625 0.9749560632688928 0.1265625 0.021968365553602813
4 0.278125 0.9033391915641477 0.2 0.01845342706502636
4 0.2515625 0.8343585237258347 0.153125 0.021968365553602813
4 0.27265625 0.7640597539543058 0.1953125 0.021968365553602813
4 0.2984375 0.6937609841827768 0.25 0.021968365553602813
4 0.090625 0.6217047451669596 0.109375 0.01757469244288225
4 0.2546875 0.539103690685413 0.1578125 0.021968365553602813
4 0.3296875 0.468804920913884 0.3109375 0.021968365553602813
4 0.22109375 0.398506151142355 0.0890625 0.015817223198594025
4 0.0828125 0.328207381370826 0.0890625 0.015817223198594025
4 0.1484375 0.1766256590509666 0.21875 0.029876977152899824
4 0.121875 0.140597539543058 0.16875 0.01845342706502636
2 0.6078125 0.2469244288224956 0.05 0.029876977152899824
4 0.140625 0.2469244288224956 0.203125 0.01757469244288225
3 0.078125 0.08611599297012303 0.08125 0.05272407732864675
4 0.584375 0.08611599297012303 0.1109375 0.015817223198594025