3 0.1171875 0.1234622144112478 0.140625 0.0843585237258348
2 0.61328125 0.210896309314587 0.0234375 0.007908611599297012
4 0.078125 0.19200351493848858 0.0734375 0.01757469244288225
4 0.1140625 0.22012302284710017 0.1453125 0.020210896309314587
4 0.27265625 0.3110720562390158 0.196875 0.015817223198594025
4 0.22109375 0.38137082601054484 0.0859375 0.015817223198594025
4 0.22578125 0.45166959578207383 0.103125 0.01757469244288225
4 0.25703125 0.523286467486819 0.1640625 0.020210896309314587
4 0.30625 0.617311072056239 0.265625 0.01757469244288225
4 0.31953125 0.687609841827768 0.290625 0.021968365553602813
4 0.2390625 0.7592267135325131 0.125 0.020210896309314587
4 0.23359375 0.8295254833040422 0.11875 0.020210896309314587
4 0.22578125 0.8967486818980668 0.0984375 0.015817223198594025
4 0.2703125 0.9595782073813708 0.1890625 0.01757469244288225
2 0.0671875 0.9578207381370826 0.0546875 0.028119507908611598
2 0.0671875 0.8954305799648506 0.04375 0.029876977152899824
2 0.0671875 0.8264499121265377 0.05 0.029876977152899824
2 0.0671875 0.7561511423550088 0.05 0.029876977152899824
2 0.0671875 0.6858523725834798 0.04375 0.026362038664323375
2 0.0671875 0.6155536028119508 0.05 0.015817223198594025
2 0.0671875 0.5202108963093146 0.0546875 0.03163444639718805
2 0.0671875 0.44991212653778556 0.05 0.01845342706502636
2 0.0671875 0.38137082601054484 0.05 0.02460456942003515
2 0.0703125 0.3093145869947276 0.046875 0.026362038664323375