3 0.1171875 0.1234622144112478 0.1375 0.08260105448154657
2 0.61015625 0.07513181019332162 0.05 0.029876977152899824
2 0.090625 0.3220562390158172 0.0859375 0.05184534270650264
2 0.08828125 0.4969244288224956 0.0859375 0.05184534270650264
2 0.08828125 0.6032513181019332 0.0859375 0.05184534270650264
2 0.0671875 0.6985940246045694 0.034375 0.020210896309314587
2 0.0671875 0.7798769771528998 0.05 0.015817223198594025
2 0.0671875 0.8607205623901582 0.046875 0.029876977152899824
2 0.61328125 0.2095782073813708 0.0265625 0.009666080843585237
4 0.078125 0.19068541300527242 0.075 0.01757469244288225
4 0.0625 0.22012302284710017 0.046875 0.020210896309314587
4 0.22109375 0.3110720562390158 0.0828125 0.01757469244288225
4 0.2 0.3391915641476274 0.046875 0.01845342706502636
4 0.16640625 0.4094903339191564 0.2546875 0.01757469244288225
4 0.21796875 0.484182776801406 0.0859375 0.01845342706502636
4 0.19765625 0.5140597539543058 0.04375 0.01845342706502636
4 0.2984375 0.5905096660808435 0.2421875 0.01845342706502636
4 0.19765625 0.6203866432337434 0.046875 0.020210896309314587
4 0.275 0.6985940246045694 0.203125 0.015817223198594025
4 0.31953125 0.781195079086116 0.2859375 0.01757469244288225
4 0.278125 0.8624780316344464 0.2046875 0.015817223198594025