2 0.91171875 0.6467486818980668 0.0546875 0.03251318101933216
4 0.7015625 0.9797891036906854 0.0734375 0.01054481546572935
4 0.4984375 0.9780316344463972 0.0671875 0.01054481546572935
4 0.3015625 0.9797891036906854 0.078125 0.012302284710017574
4 0.8984375 0.9797891036906854 0.0984375 0.012302284710017574
2 0.8984375 0.9499121265377856 0.059375 0.03602811950790861
4 0.1015625 0.9780316344463972 0.10625 0.01054481546572935
2 0.6984375 0.9485940246045694 0.0546875 0.03251318101933216
2 0.4984375 0.9499121265377856 0.0515625 0.03427065026362039
2 0.3015625 0.9499121265377856 0.059375 0.03163444639718805
2 0.1015625 0.9499121265377856 0.0515625 0.03427065026362039
2 0.91171875 0.7530755711775043 0.0546875 0.03251318101933216
4 0.23984375 0.7561511423550088 0.36796875 0.02680140597539543
4 0.10625 0.6507029876977153 0.103125 0.031195079086115993
2 0.91171875 0.539103690685413 0.0546875 0.03251318101933216
4 0.1453125 0.5426186291739895 0.17578125 0.03031634446397188
2 0.91171875 0.4314586994727592 0.059375 0.03602811950790861
4 0.215625 0.4349736379613357 0.31875 0.029437609841827767
2 0.91171875 0.3233743409490334 0.0546875 0.03251318101933216
4 0.1953125 0.3251318101933216 0.2796875 0.02592267135325132
4 0.25078125 0.22100175746924428 0.3953125 0.02592267135325132
2 0.8625 0.171792618629174 0.1578125 0.08260105448154657
4 0.146875 0.163884007029877 0.18359375 0.03866432337434095