2 0.940625 0.07513181019332162 0.0421875 0.026362038664323375
4 0.1015625 0.8857644991212654 0.125 0.020210896309314587
4 0.17109375 0.8154657293497364 0.259375 0.020210896309314587
4 0.21328125 0.7218804920913884 0.078125 0.020210896309314587
4 0.2984375 0.6498242530755711 0.2421875 0.015817223198594025
4 0.246875 0.5795254833040422 0.140625 0.01757469244288225
4 0.275 0.5109841827768014 0.1953125 0.020210896309314587
4 0.278125 0.4389279437609842 0.203125 0.015817223198594025
4 0.2546875 0.37038664323374343 0.1609375 0.020210896309314587
4 0.22109375 0.29833040421792617 0.0890625 0.015817223198594025
2 0.0671875 0.718804920913884 0.05 0.026362038664323375
2 0.0671875 0.648506151142355 0.046875 0.021968365553602813
2 0.0671875 0.5795254833040422 0.05 0.029876977152899824
2 0.0671875 0.5092267135325131 0.05 0.029876977152899824
2 0.0671875 0.4389279437609842 0.0546875 0.03163444639718805
2 0.0671875 0.36731107205623903 0.05 0.028119507908611598
2 0.0671875 0.29833040421792617 0.05 0.026362038664323375
5 0.38984375 0.9639718804920914 0.7765625 0.06854130052724078
4 0.23125 0.21704745166959577 0.38125 0.021968365553602813
2 0.1171875 0.10456942003514938 0.153125 0.09402460456942004
4 0.38671875 0.9652899824253075 0.27265625 0.024165202108963092