4 0.12734375 0.38268892794376097 0.09375 0.01845342706502636
4 0.2390625 0.9701230228471002 0.165625 0.01845342706502636
4 0.30390625 0.9406854130052724 0.296875 0.020210896309314587
3 0.90390625 0.95298769771529 0.059375 0.0421792618629174
3 0.078125 0.95298769771529 0.1171875 0.070298769771529
4 0.1453125 0.898506151142355 0.134375 0.012302284710017574
4 0.15546875 0.7983304042179262 0.153125 0.01845342706502636
4 0.16640625 0.6937609841827768 0.1734375 0.01845342706502636
4 0.153125 0.5905096660808435 0.15 0.01845342706502636
4 0.21796875 0.4876977152899824 0.28125 0.01845342706502636
4 0.22109375 0.27987697715289983 0.2859375 0.020210896309314587
4 0.89375 0.1687170474516696 0.0734375 0.01757469244288225
4 0.725 0.1687170474516696 0.1484375 0.01757469244288225
4 0.5296875 0.1687170474516696 0.11875 0.015817223198594025
4 0.321875 0.1687170474516696 0.1765625 0.01757469244288225
4 0.11171875 0.1687170474516696 0.1265625 0.01757469244288225
4 0.321875 0.07820738137082602 0.3484375 0.023725834797891036
2 0.940625 0.07513181019332162 0.04375 0.026362038664323375
2 0.0671875 0.07513181019332162 0.05 0.020210896309314587