4 0.15078125 0.1687170474516696 0.2046875 0.015817223198594025
4 0.2390625 0.9701230228471002 0.165625 0.01845342706502636
4 0.30390625 0.9406854130052724 0.296875 0.01845342706502636
2 0.90390625 0.95298769771529 0.059375 0.0421792618629174
3 0.078125 0.95298769771529 0.1171875 0.070298769771529
5 0.4984375 0.7763620386643234 0.215625 0.054481546572934976
4 0.49765625 0.679701230228471 0.49375 0.0210896309314587
4 0.5015625 0.655536028119508 0.56484375 0.02240773286467487
4 0.4984375 0.6001757469244289 0.509375 0.029876977152899824
3 0.5015625 0.4015817223198594 0.234375 0.140597539543058
4 0.446875 0.1687170474516696 0.2703125 0.01757469244288225
4 0.24921875 0.07820738137082602 0.203125 0.023725834797891036
2 0.940625 0.07513181019332162 0.04375 0.026362038664323375
2 0.0671875 0.07513181019332162 0.05 0.020210896309314587
4 0.503125 0.7768014059753954 0.1421875 0.024165202108963092