3 0.1625 0.2179261862917399 0.2484375 0.23022847100175747
5 0.73984375 0.39806678383128297 0.4609375 0.05360281195079086
4 0.2125 0.4978031634446397 0.296875 0.029876977152899824
2 0.0609375 0.9617750439367311 0.1203125 0.07381370826010544
4 0.465625 0.210896309314587 0.2859375 0.029876977152899824
4 0.1265625 0.9050966608084359 0.2234375 0.029876977152899824
5 0.25859375 0.3993848857644991 0.4546875 0.05536028119507909
2 0.0703125 0.03866432337434095 0.0453125 0.03163444639718805
2 0.36640625 0.30492091388400705 0.0703125 0.043936731107205626
2 0.94140625 0.03910369068541301 0.0453125 0.03427065026362039
3 0.5 0.8075571177504394 1 0.22319859402460457
5 0.49765625 0.6594903339191565 0.2109375 0.026362038664323375
4 0.28671875 0.8739015817223199 0.346875 0.0210896309314587
4 0.284375 0.8519332161687171 0.421875 0.01845342706502636
4 0.59609375 0.13093145869947276 0.5671875 0.033391915641476276
4 0.4921875 0.2517574692442882 0.35 0.025483304042179262
4 0.440625 0.9507908611599297 0.6265625 0.020210896309314587
4 0.26171875 0.4007029876977153 0.1953125 0.02460456942003515
4 0.4875 0.6102811950790861 0.84375 0.026362038664323375
4 0.46640625 0.5834797891036907 0.7953125 0.025483304042179262
4 0.47265625 0.5575571177504394 0.8109375 0.021968365553602813
4 0.46953125 0.5325131810193322 0.80625 0.029876977152899824
5 0.90078125 0.960896309314587 0.1890625 0.0641476274165202
2 0.4921875 0.3053602811950791 0.08125 0.043936731107205626
4 0.5203125 0.043936731107205626 0.7125 0.03866432337434095
3 0.9265625 0.13400702987697716 0.128125 0.07996485061511424
4 0.5203125 0.16608084358523725 0.39375 0.033391915641476276
4 0.31484375 0.9710017574692443 0.371875 0.016695957820738138