5 0.4984375 0.6296133567662566 0.828125 0.07644991212653779
5 0.4984375 0.5421792618629174 0.83125 0.07644991212653779
5 0.4984375 0.45474516695957823 0.83125 0.07644991212653779
5 0.4984375 0.36731107205623903 0.83125 0.07644991212653779
4 0.50078125 0.17003514938488576 0.840625 0.028119507908611598
4 0.2625 0.11862917398945519 0.35625 0.03163444639718805
4 0.14921875 0.2007908611599297 0.13828125 0.029876977152899824
4 0.4984375 0.36731107205623903 0.1015625 0.023725834797891036
4 0.496875 0.45694200351493847 0.13359375 0.027680140597539545
4 0.4984375 0.5430579964850615 0.17109375 0.02240773286467487
4 0.49921875 0.6313708260105448 0.1234375 0.027240773286467488
2 0.165625 0.6318101933216169 0.05390625 0.028558875219683654
2 0.1640625 0.5421792618629174 0.04609375 0.028119507908611598
2 0.16484375 0.45562390158172233 0.0546875 0.02592267135325132
2 0.1640625 0.36775043936731105 0.0515625 0.02328646748681898