2 0.940625 0.07644991212653779 0.05 0.029876977152899824
2 0.0671875 0.07513181019332162 0.046875 0.020210896309314587
4 0.3375 0.07952548330404217 0.3296875 0.028119507908611598
4 0.5015625 0.18760984182776802 0.3734375 0.028119507908611598
4 0.5015625 0.2561511423550088 0.215625 0.014059753954305799
3 0.21328125 0.3264499121265378 0.0703125 0.048330404217926184
3 0.35546875 0.3264499121265378 0.0671875 0.048330404217926184
3 0.5015625 0.3264499121265378 0.05 0.048330404217926184
3 0.64453125 0.3264499121265378 0.059375 0.048330404217926184
3 0.78671875 0.3264499121265378 0.08125 0.048330404217926184
4 0.5015625 0.4248681898066784 0.075 0.014059753954305799
1 0.478125 0.47012302284710017 0.3171875 0.029876977152899824
4 0.51171875 0.4718804920913884 0.2515625 0.014059753954305799
1 0.50625 0.5263620386643234 0.3734375 0.029876977152899824
4 0.5375 0.5263620386643234 0.3109375 0.012302284710017574
1 0.48046875 0.5826010544815465 0.321875 0.029876977152899824
4 0.51171875 0.5826010544815465 0.2578125 0.012302284710017574
1 0.50390625 0.6375219683655536 0.3734375 0.029876977152899824
4 0.5375 0.6392794376098418 0.309375 0.012302284710017574
4 0.4984375 0.75 0.125 0.03602811950790861
4 0.4984375 0.789103690685413 0.1140625 0.01757469244288225
4 0.78203125 0.8501757469244289 0.04375 0.015817223198594025