2 0.90390625 0.867311072056239 0.1375 0.08260105448154657
2 0.940625 0.07513181019332162 0.0515625 0.03163444639718805
4 0.24453125 0.07952548330404217 0.1953125 0.029876977152899824
2 0.0671875 0.07513181019332162 0.046875 0.020210896309314587
4 0.309375 0.7249560632688928 0.2 0.01845342706502636
4 0.31171875 0.6594903339191565 0.2046875 0.01845342706502636
4 0.37109375 0.5922671353251318 0.31875 0.01845342706502636
4 0.3609375 0.5263620386643234 0.2984375 0.023725834797891036
4 0.31953125 0.45782073813708263 0.2203125 0.01845342706502636
4 0.340625 0.3936731107205624 0.2625 0.023725834797891036
4 0.37421875 0.3141476274165202 0.3296875 0.02460456942003515