4 0.49609375 0.6673989455184535 0.41640625 0.028558875219683654
4 0.50078125 0.6392794376098418 0.5015625 0.025043936731107205
4 0.503125 0.6133567662565905 0.4609375 0.023725834797891036
4 0.50390625 0.586555360281195 0.559375 0.026362038664323375
4 0.4984375 0.5593145869947276 0.553125 0.026362038664323375
4 0.49921875 0.5320738137082601 0.5640625 0.026362038664323375
4 0.5 0.5035149384885764 0.36875 0.025043936731107205
4 0.4984375 0.4797891036906854 0.3921875 0.026362038664323375
4 0.50234375 0.45254833040421794 0.484375 0.02460456942003515
4 0.4984375 0.4266256590509666 0.53984375 0.02680140597539543
4 0.50078125 0.3976274165202109 0.49375 0.02240773286467487
4 0.5078125 0.37302284710017575 0.43984375 0.026362038664323375
5 0.675 0.7623022847100176 0.35 0.070298769771529
5 0.325 0.7623022847100176 0.3484375 0.070298769771529
4 0.5015625 0.28734622144112476 0.35 0.03602811950790861
4 0.678125 0.7636203866432337 0.18515625 0.03251318101933216
4 0.3203125 0.7623022847100176 0.1953125 0.03383128295254833