3 0.4984375 0.28910369068541303 0.1140625 0.070298769771529
4 0.4984375 0.37521968365553604 0.35 0.026362038664323375
4 0.49765625 0.44200351493848855 0.8921875 0.025483304042179262
5 0.24921875 0.8936731107205624 0.4984375 0.06854130052724078
5 0.75078125 0.8936731107205624 0.4984375 0.06854130052724078
5 0.4984375 0.9639718804920914 0.996875 0.06854130052724078
4 0.49921875 0.5136203866432337 0.90625 0.024165202108963092
4 0.5 0.4881370826010545 0.83203125 0.020650263620386643
4 0.49765625 0.46616871704745166 0.7953125 0.020210896309314587
4 0.7109375 0.8945518453427065 0.15859375 0.02460456942003515
4 0.21171875 0.8958699472759226 0.14296875 0.033391915641476276
4 0.53359375 0.9661687170474517 0.48515625 0.033391915641476276
2 0.328125 0.8945518453427065 0.06953125 0.03690685413005272
2 0.83359375 0.8945518453427065 0.0703125 0.03646748681898067
2 0.2578125 0.9630931458699473 0.0484375 0.03998242530755712