3 0.4984375 0.9420035149384886 0.1375 0.08084358523725835
4 0.15078125 0.15641476274165203 0.153125 0.037785588752196834
4 0.859375 0.15641476274165203 0.1328125 0.037785588752196834
2 0.940625 0.07820738137082602 0.05 0.040421792618629174
2 0.81796875 0.07644991212653779 0.0515625 0.03163444639718805
4 0.2671875 0.07644991212653779 0.2390625 0.01845342706502636
2 0.0671875 0.07513181019332162 0.05 0.020210896309314587
5 0.675 0.8172231985940246 0.3484375 0.070298769771529
5 0.325 0.8172231985940246 0.3484375 0.06854130052724078
4 0.4765625 0.5962214411247804 0.58046875 0.023725834797891036
4 0.4984375 0.5439367311072056 0.4703125 0.021968365553602813
3 0.4984375 0.45957820738137084 0.1453125 0.08787346221441125
3 0.4984375 0.2781195079086116 0.6984375 0.19244288224956063
4 0.4640625 0.7179261862917399 0.56328125 0.02328646748681898
4 0.440625 0.687609841827768 0.5140625 0.025043936731107205
4 0.259375 0.6586115992970123 0.12265625 0.02240773286467487
4 0.221875 0.6296133567662566 0.08515625 0.019332161687170474
4 0.359375 0.7478031634446397 0.3125 0.025043936731107205
4 0.325 0.8176625659050967 0.22109375 0.0210896309314587
4 0.6734375 0.8181019332161688 0.21796875 0.024165202108963092