4 0.23359375 0.18585237258347978 0.215625 0.020210896309314587
4 0.23125 0.2561511423550088 0.21875 0.020210896309314587
4 0.23359375 0.3264499121265378 0.21875 0.020210896309314587
4 0.23125 0.3967486818980668 0.21875 0.020210896309314587
4 0.23359375 0.46704745166959577 0.215625 0.020210896309314587
4 0.18984375 0.5373462214411248 0.1296875 0.020210896309314587
4 0.2 0.6063268892794376 0.153125 0.020210896309314587
4 0.2 0.6779437609841827 0.153125 0.020210896309314587
4 0.2 0.7482425307557118 0.153125 0.020210896309314587
4 0.21328125 0.8172231985940246 0.1765625 0.020210896309314587
4 0.21328125 0.8875219683655536 0.1796875 0.020210896309314587
4 0.4859375 0.11555360281195079 0.5328125 0.02460456942003515
3 0.1609375 0.11423550087873462 0.04375 0.048330404217926184