4 0.2078125 0.07820738137082602 0.3375 0.02460456942003515
4 0.1171875 0.20298769771529 0.1578125 0.015817223198594025
4 0.22109375 0.28734622144112476 0.09375 0.01845342706502636
4 0.23359375 0.35764499121265375 0.1171875 0.01845342706502636
4 0.22578125 0.4279437609841828 0.109375 0.01845342706502636
4 0.246875 0.4969244288224956 0.1421875 0.01845342706502636
4 0.259375 0.570298769771529 0.1734375 0.021968365553602813
4 0.21328125 0.640597539543058 0.078125 0.021968365553602813
4 0.2234375 0.7095782073813708 0.096875 0.020210896309314587
4 0.10625 0.7904217926186292 0.1375 0.01845342706502636
4 0.2390625 0.8624780316344464 0.1296875 0.01757469244288225
4 0.2390625 0.9345342706502636 0.1265625 0.021968365553602813
2 0.60234375 0.1937609841827768 0.05 0.03163444639718805
2 0.0671875 0.28602811950790863 0.05 0.026362038664323375
2 0.0671875 0.3563268892794376 0.0515625 0.029876977152899824
2 0.0671875 0.4266256590509666 0.0515625 0.03163444639718805
2 0.0671875 0.4951669595782074 0.046875 0.029876977152899824
2 0.0671875 0.5672231985940246 0.0625 0.03163444639718805
2 0.06484375 0.6375219683655536 0.0515625 0.03163444639718805
2 0.0671875 0.7078207381370826 0.05 0.028119507908611598
2 0.0671875 0.8607205623901582 0.05 0.029876977152899824
2 0.0671875 0.9314586994727593 0.0390625 0.023725834797891036