4 0.49375 0.9345342706502636 0.934375 0.020650263620386643
4 0.49375 0.9112478031634447 0.934375 0.02240773286467487
4 0.2390625 0.8866432337434095 0.421875 0.021528998242530756
4 0.22578125 0.07644991212653779 0.059375 0.01845342706502636
2 0.940625 0.07644991212653779 0.065625 0.02460456942003515
2 0.8234375 0.07513181019332162 0.0421875 0.026362038664323375
2 0.0671875 0.07513181019332162 0.05 0.020210896309314587
4 0.84140625 0.7719683655536028 0.121875 0.01845342706502636
4 0.4421875 0.6906854130052724 0.70390625 0.038224956063268895
4 0.484375 0.6511423550087874 0.77421875 0.027680140597539545
4 0.20234375 0.5922671353251318 0.2078125 0.021968365553602813
4 0.2625 0.539103690685413 0.3328125 0.01845342706502636
4 0.39765625 0.484182776801406 0.6 0.03251318101933216
3 0.4984375 0.3655536028119508 0.153125 0.11247803163444639
4 0.37109375 0.2671353251318102 0.5484375 0.023725834797891036
4 0.3078125 0.9578207381370826 0.56015625 0.0210896309314587