3 0.0671875 0.070298769771529 0.075 0.04569420035149385
4 0.246875 0.07337434094903339 0.2515625 0.026362038664323375
4 0.22578125 0.14235500878734622 0.3328125 0.02460456942003515
4 0.246875 0.171792618629174 0.371875 0.01845342706502636
4 0.35859375 0.23418277680140598 0.509375 0.026362038664323375
1 0.490625 0.3172231985940246 0.7765625 0.026362038664323375
4 0.17890625 0.3172231985940246 0.153125 0.020210896309314587
1 0.49375 0.3875219683655536 0.7734375 0.026362038664323375
4 0.16640625 0.3875219683655536 0.11875 0.020210896309314587
1 0.49375 0.45957820738137084 0.7765625 0.026362038664323375
4 0.1765625 0.45957820738137084 0.1421875 0.020210896309314587
1 0.49375 0.5298769771528998 0.7765625 0.026362038664323375
4 0.1765625 0.5298769771528998 0.1421875 0.020210896309314587
1 0.49375 0.6001757469244289 0.7734375 0.026362038664323375
4 0.1765625 0.601493848857645 0.140625 0.020210896309314587
1 0.49375 0.6717926186291739 0.7734375 0.026362038664323375
4 0.18984375 0.6717926186291739 0.165625 0.020210896309314587
1 0.490625 0.7438488576449912 0.7765625 0.026362038664323375
4 0.18671875 0.7438488576449912 0.16875 0.020210896309314587
5 0.4984375 0.812390158172232 0.8734375 0.07205623901581722
4 0.50078125 0.8141476274165202 0.121875 0.021528998242530756