5 0.75078125 0.9626537785588752 0.496875 0.07381370826010544
5 0.2515625 0.9626537785588752 0.496875 0.07205623901581722
4 0.49609375 0.07337434094903339 0.2125 0.023725834797891036
4 0.3609375 0.2047451669595782 0.31875 0.03163444639718805
4 0.2703125 0.2750439367311072 0.1921875 0.02460456942003515
4 0.27265625 0.336115992970123 0.1953125 0.026362038664323375
4 0.27265625 0.398506151142355 0.1953125 0.026362038664323375
4 0.27265625 0.46089630931458697 0.196875 0.02460456942003515
4 0.27265625 0.523286467486819 0.1953125 0.026362038664323375
4 0.27265625 0.5861159929701231 0.196875 0.026362038664323375
4 0.27265625 0.6467486818980668 0.1953125 0.02460456942003515
4 0.27265625 0.7095782073813708 0.196875 0.02460456942003515
4 0.29375 0.7719683655536028 0.2390625 0.026362038664323375
5 0.675 0.8361159929701231 0.3484375 0.07381370826010544
5 0.325 0.8361159929701231 0.35 0.07381370826010544
4 0.67890625 0.8369947275922671 0.08828125 0.03031634446397188
4 0.3265625 0.8374340949033392 0.1359375 0.024165202108963092
4 0.25234375 0.9639718804920914 0.134375 0.024165202108963092
4 0.75234375 0.9630931458699473 0.06640625 0.02592267135325132