2 0.859375 0.6186291739894552 0.0515625 0.03251318101933216
2 0.859375 0.5 0.0515625 0.03251318101933216
2 0.859375 0.38137082601054484 0.0515625 0.03427065026362039
2 0.8625 0.2640597539543058 0.05 0.03163444639718805
2 0.9171875 0.1577328646748682 0.121875 0.06239015817223199
1 0.08046875 0.6186291739894552 0.0734375 0.04569420035149385
4 0.325 0.6265377855887522 0.04375 0.015817223198594025
4 0.22578125 0.6203866432337434 0.11875 0.029876977152899824
2 0.9375 0.6186291739894552 0.0125 0.026362038664323375
1 0.08046875 0.5 0.0734375 0.043936731107205626
4 0.2234375 0.5263620386643234 0.11875 0.01845342706502636
4 0.325 0.4969244288224956 0.05 0.01757469244288225
4 0.22578125 0.4890158172231986 0.1140625 0.029876977152899824
2 0.9375 0.5 0.0109375 0.026362038664323375
1 0.08046875 0.38137082601054484 0.0734375 0.04569420035149385
4 0.340625 0.4077328646748682 0.3421875 0.020210896309314587
4 0.325 0.37829525483304044 0.05 0.015817223198594025
4 0.22578125 0.37038664323374343 0.1171875 0.029876977152899824
2 0.9375 0.38137082601054484 0.0125 0.026362038664323375
1 0.08046875 0.2623022847100176 0.0734375 0.043936731107205626
4 0.340625 0.29042179261862916 0.3421875 0.01845342706502636
4 0.325 0.2592267135325132 0.05 0.015817223198594025
4 0.22578125 0.2517574692442882 0.11875 0.029876977152899824
2 0.9375 0.2640597539543058 0.0109375 0.026362038664323375
5 0.43359375 0.1577328646748682 0.8109375 0.0641476274165202
2 0.92734375 0.07337434094903339 0.0546875 0.03427065026362039
4 0.4984375 0.07644991212653779 0.165625 0.03251318101933216
2 0.07265625 0.07205623901581722 0.05 0.021968365553602813