4 0.16953125 0.5210896309314587 0.171875 0.021968365553602813
4 0.228125 0.45694200351493847 0.29296875 0.021528998242530756
4 0.4984375 0.976713532513181 0.321875 0.021968365553602813
4 0.6546875 0.7952548330404218 0.153125 0.01845342706502636
4 0.41796875 0.79701230228471 0.296875 0.01845342706502636
4 0.37421875 0.7517574692442882 0.296875 0.01845342706502636
4 0.6546875 0.7530755711775043 0.2390625 0.01757469244288225
5 0.4984375 0.6673989455184535 0.8265625 0.05975395430579965
5 0.4984375 0.5905096660808435 0.8265625 0.05975395430579965
3 0.4984375 0.27987697715289983 0.4125 0.13620386643233742
4 0.50078125 0.5927065026362038 0.1078125 0.02328646748681898
4 0.44140625 0.6691564147627417 0.18359375 0.02328646748681898
2 0.5953125 0.6700351493848857 0.1171875 0.021528998242530756