4 0.28046875 0.07952548330404217 0.2546875 0.03602811950790861
2 0.075 0.09050966608084358 0.1015625 0.06063268892794376
4 0.1328125 0.1735500878734622 0.2125 0.01845342706502636
4 0.0703125 0.2078207381370826 0.090625 0.015817223198594025
4 0.4078125 0.2781195079086116 0.3015625 0.028119507908611598
4 0.18203125 0.3563268892794376 0.125 0.020210896309314587
4 0.2 0.437609841827768 0.1578125 0.028119507908611598
4 0.19765625 0.5123022847100176 0.153125 0.020210896309314587
4 0.22109375 0.5874340949033392 0.3640625 0.028119507908611598
4 0.125 0.6515817223198594 0.1734375 0.021968365553602813
4 0.15078125 0.7157293497363796 0.2265625 0.021968365553602813
4 0.23359375 0.7842706502636204 0.384375 0.028119507908611598
4 0.16875 0.8501757469244289 0.2671875 0.026362038664323375
3 0.06484375 0.5123022847100176 0.08125 0.03163444639718805
3 0.06484375 0.4345342706502636 0.05 0.043936731107205626
2 0.06484375 0.3563268892794376 0.0671875 0.043936731107205626
5 0.1328125 0.27636203866432335 0.21875 0.05272407732864675