4 0.31953125 0.0984182776801406 0.2125 0.03163444639718805
1 0.4859375 0.17794376098418277 0.740625 0.029876977152899824
4 0.2546875 0.179701230228471 0.275 0.026362038664323375
1 0.4859375 0.25 0.740625 0.029876977152899824
4 0.25703125 0.25 0.2859375 0.028119507908611598
1 0.4859375 0.3185413005272408 0.740625 0.026362038664323375
4 0.15546875 0.3185413005272408 0.075 0.021968365553602813
1 0.4859375 0.39235500878734625 0.7421875 0.029876977152899824
4 0.19453125 0.3936731107205624 0.1578125 0.026362038664323375
1 0.4859375 0.46265377855887524 0.740625 0.029876977152899824
4 0.18984375 0.46397188049209137 0.1453125 0.02460456942003515
1 0.4859375 0.5342706502636204 0.740625 0.029876977152899824
4 0.215625 0.5360281195079086 0.2 0.026362038664323375
1 0.4859375 0.6032513181019332 0.740625 0.026362038664323375
4 0.2515625 0.6045694200351494 0.2734375 0.020210896309314587
1 0.4859375 0.6748681898066784 0.7421875 0.026362038664323375
4 0.1609375 0.6735500878734623 0.090625 0.021968365553602813
1 0.4859375 0.7451669595782073 0.7421875 0.026362038664323375
4 0.20546875 0.7469244288224957 0.18125 0.020210896309314587
1 0.4859375 0.8172231985940246 0.740625 0.026362038664323375
4 0.21015625 0.8172231985940246 0.1875 0.020210896309314587
1 0.4859375 0.8875219683655536 0.740625 0.026362038664323375
4 0.18984375 0.8875219683655536 0.1484375 0.021968365553602813
5 0.4984375 0.9516695957820738 0.85 0.07205623901581722
4 0.50078125 0.9573813708260105 0.39453125 0.02592267135325132