4 0.7453125 0.7592267135325131 0.2421875 0.026362038664323375
4 0.2546875 0.6515817223198594 0.25 0.020210896309314587
4 0.859375 0.37346221441124783 0.2046875 0.015817223198594025
4 0.16640625 0.37521968365553604 0.2578125 0.021968365553602813
4 0.23125 0.07644991212653779 0.109375 0.023725834797891036
2 0.0671875 0.07644991212653779 0.0421875 0.02460456942003515
3 0.7453125 0.9077328646748682 0.4703125 0.18453427065026362
3 0.4984375 0.18453427065026362 0.996875 0.30667838312829526
3 0.2546875 0.8545694200351494 0.4703125 0.29086115992970124
3 0.7453125 0.609402460456942 0.4703125 0.38927943760984185
3 0.2546875 0.5562390158172232 0.4703125 0.28295254833040423