2 0.0671875 0.070298769771529 0.0703125 0.0421792618629174
2 0.35859375 0.070298769771529 0.0671875 0.040421792618629174
2 0.4984375 0.070298769771529 0.0625 0.037785588752196834
2 0.64453125 0.070298769771529 0.0625 0.03427065026362039
2 0.78984375 0.070298769771529 0.0625 0.037785588752196834
2 0.9296875 0.06107205623901582 0.05 0.028119507908611598
4 0.9296875 0.08743409490333919 0.075 0.014059753954305799
4 0.17109375 0.1515817223198594 0.109375 0.021968365553602813
4 0.52734375 0.1546572934973638 0.290625 0.02460456942003515
4 0.51953125 0.2482425307557118 0.2671875 0.02460456942003515
4 0.59453125 0.3422671353251318 0.41875 0.023725834797891036
4 0.43671875 0.4345342706502636 0.1015625 0.020210896309314587
4 0.50390625 0.5298769771528998 0.2390625 0.023725834797891036
4 0.45703125 0.6515817223198594 0.1421875 0.020210896309314587
4 0.4390625 0.7451669595782073 0.1109375 0.021968365553602813
4 0.4546875 0.8422671353251318 0.1453125 0.023725834797891036
4 0.4515625 0.9358523725834798 0.134375 0.023725834797891036
4 0.17109375 0.2451669595782074 0.140625 0.020210896309314587
4 0.17109375 0.3405096660808436 0.1609375 0.020210896309314587
4 0.17109375 0.4345342706502636 0.0890625 0.020210896309314587
4 0.17109375 0.5281195079086116 0.1296875 0.020210896309314587