4 0.1328125 0.8796133567662566 0.1890625 0.021968365553602813
4 0.08828125 0.8501757469244289 0.096875 0.01845342706502636
4 0.3328125 0.7719683655536028 0.5875 0.021968365553602813
4 0.14296875 0.7407732864674869 0.2046875 0.01845342706502636
1 0.921875 0.6454305799648506 0.04375 0.026362038664323375
4 0.1453125 0.6638840070298769 0.2125 0.020210896309314587
4 0.275 0.6357644991212654 0.4734375 0.02460456942003515
1 0.921875 0.539103690685413 0.04375 0.026362038664323375
4 0.059375 0.554481546572935 0.0390625 0.01757469244288225
4 0.19765625 0.5250439367311072 0.3171875 0.01845342706502636
1 0.921875 0.4314586994727592 0.04375 0.026362038664323375
4 0.059375 0.4468365553602812 0.0421875 0.015817223198594025
4 0.12734375 0.4173989455184534 0.1734375 0.01845342706502636
1 0.921875 0.3233743409490334 0.04375 0.026362038664323375
4 0.059375 0.3391915641476274 0.0390625 0.015817223198594025
4 0.09375 0.3110720562390158 0.10625 0.01845342706502636
4 0.1171875 0.22978910369068542 0.153125 0.01845342706502636
1 0.921875 0.1344463971880492 0.04375 0.028119507908611598
4 0.059375 0.1515817223198594 0.0390625 0.01757469244288225
4 0.215625 0.1234622144112478 0.353125 0.021968365553602813
4 0.26484375 0.043936731107205626 0.1765625 0.028119507908611598
2 0.0671875 0.040421792618629174 0.0421875 0.023725834797891036