4 0.46640625 0.06590509666080843 0.3484375 0.022847100175746926
4 0.4671875 0.15641476274165203 0.35 0.02460456942003515
4 0.16640625 0.23110720562390158 0.25 0.01757469244288225
4 0.29609375 0.30140597539543057 0.234375 0.020210896309314587
4 0.2546875 0.37170474516695956 0.153125 0.020210896309314587
4 0.2984375 0.44200351493848855 0.2421875 0.020210896309314587
4 0.2515625 0.5123022847100176 0.15 0.020210896309314587
4 0.20546875 0.5953427065026362 0.3328125 0.01757469244288225
4 0.3375 0.6673989455184535 0.321875 0.02460456942003515
4 0.3328125 0.7390158172231986 0.3109375 0.026362038664323375
4 0.3171875 0.8062390158172232 0.2828125 0.021968365553602813
4 0.42109375 0.8782952548330404 0.4890625 0.026362038664323375
4 0.11953125 0.9595782073813708 0.1578125 0.01757469244288225
2 0.0671875 0.30008787346221444 0.059375 0.03602811950790861
2 0.0671875 0.37038664323374343 0.059375 0.03602811950790861
2 0.0671875 0.4406854130052724 0.059375 0.03602811950790861
2 0.0671875 0.5109841827768014 0.059375 0.03602811950790861
2 0.0671875 0.6656414762741653 0.059375 0.03602811950790861
2 0.0671875 0.7359402460456942 0.059375 0.03602811950790861
2 0.0671875 0.8062390158172232 0.059375 0.03602811950790861
2 0.0671875 0.8765377855887522 0.059375 0.03602811950790861
3 0.121875 0.109402460456942 0.2421875 0.14850615114235502
4 0.353125 0.09534270650263621 0.13203125 0.027680140597539545