5 0.83359375 0.7952548330404218 0.3125 0.38927943760984185
3 0.834375 0.672231985940246 0.178125 0.09226713532513181
4 0.63828125 0.3260105448154657 0.10625 0.033391915641476276
4 0.63828125 0.27152899824253074 0.121875 0.03251318101933216
5 0.50078125 0.4991212653778559 0.3125 0.18980667838312829
3 0.5015625 0.48154657293497366 0.2421875 0.11159929701230228
5 0.50078125 0.8936731107205624 0.3046875 0.19156414762741653
3 0.50078125 0.8862038664323374 0.1703125 0.1195079086115993
2 0.78203125 0.014938488576449912 0.0484375 0.02899824253075571
5 0.16875 0.890597539543058 0.309375 0.19859402460456943
3 0.1703125 0.8743409490333919 0.2390625 0.13796133567662566
5 0.246875 0.15817223198594024 0.1828125 0.02899824253075571
2 0.58125 0.07293497363796134 0.059375 0.040421792618629174
5 0.17421875 0.5953427065026362 0.315625 0.37961335676625657
3 0.16796875 0.5773286467486819 0.2265625 0.29876977152899825
5 0.159375 0.2992091388400703 0.309375 0.19507908611599298
3 0.16171875 0.28339191564147626 0.159375 0.14147627416520211
5 0.74453125 0.1577328646748682 0.196875 0.02899824253075571
5 0.50234375 0.6937609841827768 0.309375 0.18453427065026362
3 0.83046875 0.8782952548330404 0.1828125 0.09402460456942004
2 0.82421875 0.07513181019332162 0.04375 0.0351493848857645
3 0.83125 0.7741652021089631 0.1828125 0.08875219683655536
5 0.83125 0.4986818980667838 0.309375 0.18892794376098418
3 0.8328125 0.48242530755711777 0.25 0.0843585237258348
3 0.49921875 0.6748681898066784 0.2578125 0.11687170474516696
4 0.11328125 0.07820738137082602 0.171875 0.04130052724077329
2 0.7078125 0.07601054481546574 0.065625 0.03427065026362039
2 0.94375 0.07601054481546574 0.075 0.0421792618629174
4 0.453125 0.5720562390158173 0.2078125 0.033391915641476276
4 0.76875 0.5716168717047452 0.1703125 0.028119507908611598
4 0.1046875 0.7697715289982425 0.1671875 0.027240773286467488
4 0.44296875 0.7710896309314587 0.171875 0.03427065026362039
4 0.1265625 0.37653778558875217 0.203125 0.03427065026362039
4 0.43671875 0.9705623901581723 0.1625 0.03251318101933216
4 0.76796875 0.9657293497363796 0.159375 0.033391915641476276
4 0.08046875 0.9661687170474517 0.1234375 0.03427065026362039