2 0.1453125 0.3185413005272408 0.09375 0.056239015817223195
4 0.51953125 0.8172231985940246 0.5734375 0.023725834797891036
3 0.1453125 0.8154657293497364 0.0890625 0.0641476274165202
4 0.3921875 0.7201230228471002 0.303125 0.023725834797891036
3 0.1484375 0.718804920913884 0.103125 0.0641476274165202
4 0.3015625 0.6203866432337434 0.1140625 0.023725834797891036
3 0.1453125 0.617311072056239 0.109375 0.06063268892794376
4 0.3609375 0.523286467486819 0.234375 0.028119507908611598
3 0.1484375 0.5188927943760984 0.1109375 0.06239015817223199
4 0.3453125 0.4187170474516696 0.2046875 0.023725834797891036
2 0.1453125 0.4187170474516696 0.1171875 0.07205623901581722
4 0.3484375 0.3185413005272408 0.2078125 0.023725834797891036
4 0.2 0.22012302284710017 0.1875 0.028119507908611598