1 0.1640625 0.3163444639718805 0.05 0.028119507908611598
5 0.253125 0.38488576449912126 0.2484375 0.05711775043936731
2 0.68125 0.019332161687170474 0.0296875 0.02460456942003515
2 0.728125 0.01977152899824253 0.0359375 0.02460456942003515
4 0.37578125 0.1586115992970123 0.1078125 0.016695957820738138
5 0.37734375 0.15905096660808435 0.1296875 0.029876977152899824
5 0.7375 0.38400702987697716 0.2640625 0.05536028119507909
5 0.2484375 0.9644112478031635 0.4765625 0.056239015817223195
2 0.784375 0.017135325131810195 0.05 0.025483304042179262
5 0.4953125 0.38532513181019334 0.196875 0.056239015817223195
4 0.47734375 0.31766256590509667 0.553125 0.028119507908611598
4 0.17265625 0.07864674868189807 0.2953125 0.03690685413005272
4 0.66796875 0.8879613356766256 0.2609375 0.026362038664323375
5 0.5015625 0.8892794376098418 0.996875 0.08611599297012303
4 0.4375 0.22495606326889278 0.6046875 0.030755711775043937
4 0.54375 0.2710896309314587 0.6921875 0.030755711775043937
4 0.8734375 0.1594903339191564 0.084375 0.019332161687170474
5 0.8703125 0.15992970123022848 0.103125 0.029876977152899824
2 0.04296875 0.01977152899824253 0.04375 0.025483304042179262
4 0.33515625 0.867311072056239 0.3390625 0.029876977152899824
5 0.75625 0.9635325131810193 0.48125 0.054481546572934976
1 0.1625 0.2693321616871705 0.046875 0.027240773286467488
4 0.625 0.1577328646748682 0.14453125 0.02240773286467487
5 0.62734375 0.15905096660808435 0.171875 0.03427065026362039
4 0.12421875 0.15992970123022848 0.109375 0.01977152899824253
5 0.12421875 0.15817223198594024 0.1265625 0.03690685413005272
2 0.103125 0.01757469244288225 0.0390625 0.020210896309314587
2 0.16015625 0.01845342706502636 0.03125 0.02460456942003515
2 0.2203125 0.017135325131810195 0.0453125 0.021968365553602813
2 0.2765625 0.01757469244288225 0.0453125 0.022847100175746926
2 0.33515625 0.01625659050966608 0.046875 0.021968365553602813
2 0.39453125 0.01757469244288225 0.0453125 0.020210896309314587
2 0.45 0.018014059753954304 0.046875 0.021968365553602813
2 0.509375 0.018014059753954304 0.0484375 0.022847100175746926
2 0.56796875 0.016695957820738138 0.0484375 0.019332161687170474
2 0.6265625 0.018014059753954304 0.046875 0.023725834797891036
2 0.8828125 0.017135325131810195 0.0375 0.025483304042179262
2 0.7828125 0.22056239015817222 0.0453125 0.023725834797891036
4 0.41875 0.9024604569420035 0.1640625 0.03163444639718805
4 0.25078125 0.9644112478031635 0.1140625 0.03251318101933216
4 0.7546875 0.9661687170474517 0.2390625 0.02899824253075571
4 0.740625 0.3875219683655536 0.228125 0.02592267135325132
4 0.49375 0.38576449912126537 0.15546875 0.02240773286467487
4 0.253125 0.3875219683655536 0.21328125 0.02328646748681898