4 0.4984375 0.960896309314587 0.334375 0.01845342706502636
3 0.4984375 0.8717047451669596 0.996875 0.2548330404217926
5 0.6625 0.5764499121265377 0.29375 0.08260105448154657
5 0.3375 0.5764499121265377 0.29375 0.08084358523725835
5 0.4984375 0.476713532513181 0.61875 0.08084358523725835
5 0.4984375 0.37829525483304044 0.61875 0.08260105448154657
3 0.4984375 0.15333919156414763 0.615625 0.23462214411247803
4 0.50625 0.37917398945518455 0.34140625 0.029437609841827767
4 0.53125 0.4789103690685413 0.3859375 0.024165202108963092
4 0.66484375 0.5782073813708261 0.17578125 0.022847100175746926
4 0.33671875 0.578646748681898 0.1265625 0.03163444639718805
2 0.246875 0.37609841827768015 0.06171875 0.03910369068541301
2 0.24609375 0.4780316344463972 0.04453125 0.03646748681898067