5 0.2546875 0.6867311072056239 0.4765625 0.20826010544815465
5 0.253125 0.8892794376098418 0.46875 0.1968365553602812
5 0.74296875 0.2666959578207381 0.478125 0.20298769771529
3 0.25234375 0.8220562390158173 0.04375 0.04130052724077329
5 0.74296875 0.47847100175746926 0.471875 0.19859402460456943
4 0.7375 0.7073813708260105 0.3109375 0.0351493848857645
3 0.89609375 0.9336555360281195 0.1515625 0.08787346221441125
5 0.4984375 0.1195079086115993 0.778125 0.07908611599297012
3 0.27265625 0.11775043936731107 0.3015625 0.06063268892794376
5 0.74140625 0.8897188049209139 0.48125 0.20123022847100175
5 0.2578125 0.26537785588752194 0.48125 0.19947275922671354
3 0.7453125 0.2038664323374341 0.0515625 0.043936731107205626
3 0.25625 0.20210896309314588 0.059375 0.04130052724077329
5 0.25546875 0.476713532513181 0.471875 0.20123022847100175
3 0.25078125 0.40817223198594027 0.0765625 0.0421792618629174
3 0.74609375 0.4072934973637961 0.078125 0.04481546572934974
3 0.253125 0.6155536028119508 0.078125 0.04657293497363796
3 0.74609375 0.617311072056239 0.084375 0.0492091388400703
4 0.13046875 0.04261862917398945 0.2078125 0.040421792618629174
4 0.2515625 0.28998242530755713 0.1765625 0.0421792618629174
4 0.740625 0.28646748681898065 0.1875 0.0351493848857645
4 0.25625 0.4969244288224956 0.203125 0.03866432337434095
4 0.73671875 0.4942882249560633 0.20625 0.033391915641476276
4 0.25390625 0.7060632688927944 0.25 0.04130052724077329
4 0.25546875 0.9125659050966608 0.284375 0.0492091388400703
2 0.7265625 0.03866432337434095 0.071875 0.0351493848857645
2 0.84375 0.03954305799648506 0.059375 0.03954305799648506
2 0.94765625 0.03910369068541301 0.0484375 0.03690685413005272
3 0.6703125 0.11818980667838312 0.346875 0.03954305799648506