3 0.11484375 0.06985940246045694 0.0703125 0.0492091388400703
2 0.1 0.014938488576449912 0.0359375 0.02899824253075571
4 0.29296875 0.19068541300527242 0.3859375 0.023725834797891036
2 0.04609375 0.014938488576449912 0.05 0.026362038664323375
2 0.9625 0.4907732864674868 0.0234375 0.014938488576449912
2 0.9625 0.13093145869947276 0.0234375 0.019332161687170474
4 0.46875 0.4235500878734622 0.73125 0.01757469244288225
4 0.48984375 0.3268892794376098 0.7828125 0.019332161687170474
2 0.0515625 0.5004393673110721 0.0765625 0.0421792618629174
4 0.4875 0.23374340949033393 0.76875 0.01757469244288225
4 0.46171875 0.21309314586994726 0.7234375 0.019332161687170474
4 0.49375 0.7086994727592267 0.78125 0.01757469244288225
4 0.475 0.6893673110720563 0.7609375 0.01757469244288225
4 0.21484375 0.6669595782073814 0.234375 0.020210896309314587
2 0.16015625 0.01625659050966608 0.0421875 0.02899824253075571
4 0.33515625 0.554481546572935 0.459375 0.020210896309314587
4 0.45234375 0.6129173989455184 0.696875 0.01757469244288225
4 0.4890625 0.594463971880492 0.778125 0.016695957820738138
4 0.490625 0.5755711775043937 0.7875 0.020210896309314587
2 0.06328125 0.06942003514938488 0.021875 0.021968365553602813
4 0.33828125 0.7829525483304042 0.478125 0.0210896309314587
4 0.2328125 0.4015817223198594 0.259375 0.023725834797891036
4 0.46875 0.8224956063268892 0.73125 0.01757469244288225
4 0.47734375 0.8040421792618629 0.7609375 0.01845342706502636
4 0.20078125 0.30492091388400705 0.1984375 0.022847100175746926
2 0.05703125 0.13620386643233742 0.05625 0.03690685413005272
4 0.3265625 0.13620386643233742 0.3859375 0.021968365553602813
3 0.3921875 0.07161687170474516 0.4484375 0.030755711775043937
2 0.9546875 0.06898066783831283 0.06875 0.03690685413005272
2 0.2171875 0.016695957820738138 0.046875 0.029876977152899824
2 0.27734375 0.018014059753954304 0.05 0.026362038664323375
2 0.33125 0.01757469244288225 0.046875 0.026362038664323375
2 0.39375 0.016695957820738138 0.0484375 0.026362038664323375
4 0.31484375 0.4969244288224956 0.375 0.023725834797891036
3 0.50078125 0.945079086115993 0.7921875 0.07908611599297012
2 0.45234375 0.018014059753954304 0.040625 0.022847100175746926
2 0.509375 0.019332161687170474 0.0453125 0.029876977152899824
2 0.5671875 0.018014059753954304 0.034375 0.02460456942003515
2 0.63125 0.019332161687170474 0.0546875 0.027240773286467488
2 0.68203125 0.020210896309314587 0.03125 0.02460456942003515
2 0.7265625 0.018014059753954304 0.046875 0.022847100175746926
2 0.78125 0.01757469244288225 0.046875 0.021968365553602813
2 0.8359375 0.01845342706502636 0.0265625 0.0210896309314587
2 0.884375 0.018892794376098417 0.0375 0.026362038664323375
4 0.2234375 0.44332161687170474 0.2421875 0.01757469244288225
4 0.51015625 0.7284710017574693 0.8203125 0.020210896309314587
4 0.20078125 0.8409490333919156 0.196875 0.01757469244288225
4 0.3 0.2521968365553603 0.4 0.01845342706502636
4 0.178125 0.3471001757469244 0.1484375 0.020210896309314587
4 0.94921875 0.01845342706502636 0.0734375 0.020210896309314587