4 0.26484375 0.2359402460456942 0.1953125 0.01845342706502636
4 0.278125 0.312390158172232 0.2203125 0.01845342706502636
4 0.17890625 0.4156414762741652 0.28125 0.021968365553602813
4 0.28046875 0.5140597539543058 0.228125 0.021968365553602813
4 0.23125 0.5843585237258347 0.1328125 0.021968365553602813
4 0.30625 0.6533391915641477 0.28125 0.021968365553602813
4 0.2234375 0.7249560632688928 0.1109375 0.021968365553602813
2 0.0671875 0.7218804920913884 0.046875 0.028119507908611598
2 0.06484375 0.6515817223198594 0.0515625 0.029876977152899824
2 0.0671875 0.5812829525483304 0.05 0.029876977152899824
2 0.0671875 0.5109841827768014 0.05 0.029876977152899824
2 0.0671875 0.3110720562390158 0.04375 0.026362038664323375
2 0.0671875 0.23418277680140598 0.0359375 0.029876977152899824
3 0.125 0.109402460456942 0.16875 0.10281195079086115
1 0.653125 0.414323374340949 0.08671875 0.0351493848857645