2 0.940625 0.07644991212653779 0.0578125 0.03427065026362039
4 0.140625 0.27987697715289983 0.2078125 0.021968365553602813
2 0.08828125 0.218804920913884 0.10625 0.0641476274165202
4 0.1140625 0.3154657293497364 0.078125 0.01757469244288225
2 0.0515625 0.3154657293497364 0.0234375 0.020210896309314587
2 0.71953125 0.3093145869947276 0.0546875 0.03602811950790861
4 0.21796875 0.37961335676625657 0.103125 0.01845342706502636
4 0.2234375 0.45298769771528996 0.1171875 0.01845342706502636
4 0.2828125 0.5281195079086116 0.228125 0.023725834797891036
4 0.278125 0.5984182776801406 0.21875 0.01845342706502636
4 0.22109375 0.6704745166959578 0.109375 0.020210896309314587
4 0.23671875 0.7469244288224957 0.140625 0.023725834797891036
2 0.07265625 0.7438488576449912 0.0578125 0.03427065026362039
2 0.07265625 0.6704745166959578 0.0578125 0.03163444639718805
2 0.07265625 0.5984182776801406 0.059375 0.029876977152899824
2 0.07265625 0.5250439367311072 0.059375 0.029876977152899824
2 0.07265625 0.45166959578207383 0.0546875 0.03251318101933216
2 0.07265625 0.37961335676625657 0.0578125 0.03427065026362039