4 0.86484375 0.07644991212653779 0.1921875 0.01757469244288225
4 0.83125 0.15333919156414763 0.171875 0.015817223198594025
3 0.13515625 0.07337434094903339 0.196875 0.029876977152899824
4 0.2390625 0.14982425307557118 0.403125 0.021968365553602813
4 0.090625 0.18453427065026362 0.103125 0.01757469244288225
4 0.2671875 0.27987697715289983 0.1875 0.01757469244288225
4 0.2390625 0.351493848857645 0.125 0.020210896309314587
4 0.24921875 0.4204745166959578 0.1484375 0.01757469244288225
4 0.23125 0.5404217926186292 0.3875 0.021968365553602813
4 0.20234375 0.6107205623901582 0.325 0.020210896309314587
4 0.0859375 0.679701230228471 0.09375 0.01757469244288225
4 0.09609375 0.7517574692442882 0.1140625 0.020210896309314587
2 0.0671875 0.2781195079086116 0.046875 0.02460456942003515
2 0.0671875 0.3501757469244288 0.05 0.029876977152899824
2 0.0671875 0.4187170474516696 0.05 0.029876977152899824