2 0.06875 0.9569420035149385 0.1203125 0.07293497363796134
2 0.5015625 0.27987697715289983 0.0796875 0.05360281195079086
2 0.15859375 0.28471001757469244 0.08125 0.043936731107205626
5 0.1296875 0.5351493848857645 0.2125 0.1265377855887522
4 0.16015625 0.3299648506151142 0.1046875 0.023725834797891036
5 0.6984375 0.04261862917398945 0.1875 0.04130052724077329
4 0.33515625 0.9402460456942003 0.3765625 0.028119507908611598
2 0.93671875 0.035588752196836555 0.0703125 0.037785588752196834
4 0.5015625 0.19507908611599298 0.203125 0.027240773286467488
2 0.77421875 0.9556239015817223 0.1171875 0.06854130052724078
4 0.1578125 0.22012302284710017 0.040625 0.021968365553602813
4 0.15859375 0.19463971880492092 0.1125 0.027240773286467488
4 0.83828125 0.19156414762741653 0.2109375 0.029876977152899824
4 0.84765625 0.3286467486818981 0.2546875 0.029876977152899824
5 0.33515625 0.04086115992970123 0.2296875 0.03954305799648506
2 0.840625 0.14718804920913883 0.075 0.0492091388400703
4 0.5 0.327768014059754 0.2375 0.02899824253075571
4 0.49765625 0.22012302284710017 0.025 0.021968365553602813
4 0.84140625 0.21968365553602812 0.0234375 0.0210896309314587
2 0.03515625 0.45123022847100175 0.0296875 0.02460456942003515
2 0.153125 0.15070298769771528 0.0828125 0.05536028119507909
2 0.07421875 0.03646748681898067 0.0859375 0.054481546572934976
2 0.6 0.9582601054481547 0.0640625 0.033391915641476276
2 0.50234375 0.14938488576449913 0.0828125 0.05536028119507909
2 0.84296875 0.28558875219683655 0.0828125 0.05008787346221441
2 0.9375 0.9565026362038664 0.06875 0.03427065026362039
4 0.16171875 0.3541300527240773 0.040625 0.022847100175746926
4 0.5046875 0.35676625659050965 0.046875 0.022847100175746926
4 0.84453125 0.35764499121265375 0.0546875 0.02460456942003515
2 0.89375 0.45166959578207383 0.121875 0.03690685413005272
2 0.1828125 0.45254833040421794 0.2625 0.030755711775043937