5 0.6859375 0.14499121265377857 0.3703125 0.06239015817223199
2 0.79453125 0.06898066783831283 0.04375 0.03163444639718805
2 0.04765625 0.014499121265377855 0.04375 0.02899824253075571
4 0.18125 0.4718804920913884 0.16875 0.023725834797891036
2 0.0734375 0.06854130052724078 0.06875 0.04130052724077329
5 0.49765625 0.4116871704745167 0.2265625 0.1678383128295255
4 0.4984375 0.4710017574692443 0.1921875 0.022847100175746926
5 0.49765625 0.6348857644991213 0.221875 0.16608084358523725
4 0.5 0.6937609841827768 0.0890625 0.025483304042179262
5 0.815625 0.4108084358523726 0.2109375 0.16432337434094904
4 0.81640625 0.47231985940246046 0.196875 0.02460456942003515
5 0.18203125 0.8576449912126538 0.215625 0.1687170474516696
4 0.18203125 0.9147627416520211 0.09375 0.025483304042179262
4 0.30390625 0.14630931458699473 0.3640625 0.021968365553602813
2 0.73359375 0.018892794376098417 0.028125 0.02460456942003515
2 0.78359375 0.015817223198594025 0.0484375 0.026362038664323375
5 0.01484375 0.07249560632688928 0.0296875 0.033391915641476276
5 0.1796875 0.6344463971880492 0.2140625 0.16432337434094904
4 0.18203125 0.6933216168717048 0.1953125 0.025483304042179262
2 0.93359375 0.06942003514938488 0.025 0.037785588752196834
4 0.3015625 0.07249560632688928 0.3875 0.033391915641476276
3 0.20625 0.23681898066783832 0.1609375 0.0843585237258348
3 0.5890625 0.23945518453427064 0.5671875 0.05711775043936731
5 0.18359375 0.4112478031634446 0.2015625 0.1634446397188049
5 0.815625 0.6340070298769771 0.21875 0.16520210896309315
2 0.10390625 0.01625659050966608 0.0421875 0.023725834797891036
2 0.1625 0.01757469244288225 0.040625 0.019332161687170474
2 0.21796875 0.018014059753954304 0.040625 0.022847100175746926
2 0.27578125 0.018014059753954304 0.0328125 0.022847100175746926
2 0.33515625 0.016695957820738138 0.0359375 0.021968365553602813
2 0.39296875 0.01625659050966608 0.0484375 0.023725834797891036
2 0.884375 0.01845342706502636 0.0328125 0.027240773286467488
4 0.81640625 0.6924428822495606 0.1734375 0.022847100175746926