2 0.0671875 0.07644991212653779 0.0390625 0.021968365553602813
4 0.259375 0.07644991212653779 0.2203125 0.023725834797891036
5 0.8625 0.1625659050966608 0.1921875 0.05184534270650264
4 0.2390625 0.1656414762741652 0.371875 0.021968365553602813
4 0.3296875 0.2702108963093146 0.4109375 0.029876977152899824
1 0.30625 0.3343585237258348 0.3609375 0.029876977152899824
4 0.36640625 0.336115992970123 0.246875 0.026362038664323375
1 0.309375 0.4033391915641476 0.3640625 0.029876977152899824
4 0.36640625 0.406414762741652 0.25 0.026362038664323375
1 0.27265625 0.47363796133567665 0.290625 0.029876977152899824
4 0.3296875 0.47363796133567665 0.1796875 0.020210896309314587
1 0.275 0.5439367311072056 0.296875 0.029876977152899824
4 0.3328125 0.5439367311072056 0.184375 0.020210896309314587
1 0.21015625 0.6142355008787346 0.165625 0.029876977152899824
4 0.2671875 0.6142355008787346 0.05 0.021968365553602813
1 0.3140625 0.6845342706502636 0.3734375 0.029876977152899824
4 0.37109375 0.6845342706502636 0.2578125 0.021968365553602813
4 0.81328125 0.7719683655536028 0.1265625 0.015817223198594025