4 0.5921875 0.24077328646748683 0.553125 0.0641476274165202
4 0.140625 0.5953427065026362 0.1015625 0.020210896309314587
4 0.18203125 0.6766256590509666 0.184375 0.026362038664323375
4 0.4828125 0.9670474516695958 0.7890625 0.01845342706502636
4 0.309375 0.906414762741652 0.428125 0.015817223198594025
5 0.4984375 0.8233743409490334 0.8234375 0.05272407732864675
5 0.5015625 0.7530755711775043 0.8265625 0.05272407732864675
5 0.4984375 0.476713532513181 0.8234375 0.05272407732864675
4 0.5015625 0.539103690685413 0.034375 0.014059753954305799
2 0.19921875 0.2398945518453427 0.15078125 0.08875219683655536
3 0.20234375 0.2390158172231986 0.1421875 0.08787346221441125
4 0.50078125 0.476713532513181 0.3921875 0.023725834797891036
4 0.49453125 0.7521968365553603 0.42578125 0.02592267135325132
4 0.50390625 0.8238137082601055 0.18046875 0.01845342706502636