5 0.509375 0.7565905096660809 0.765625 0.08347978910369068
5 0.50546875 0.6739894551845342 0.765625 0.0852372583479789
2 0.49609375 0.017135325131810195 0.0375 0.026362038664323375
2 0.86875 0.01625659050966608 0.0296875 0.026362038664323375
4 0.515625 0.9648506151142355 0.2234375 0.029876977152899824
2 0.76875 0.014499121265377855 0.0515625 0.027240773286467488
2 0.55234375 0.013181019332161687 0.0359375 0.026362038664323375
5 0.5125 0.835676625659051 0.7609375 0.08875219683655536
4 0.484375 0.2139718804920914 0.3765625 0.04481546572934974
3 0.49609375 0.4152021089630931 0.4734375 0.28910369068541303
4 0.5453125 0.6704745166959578 0.5953125 0.03866432337434095
4 0.50859375 0.7561511423550088 0.4703125 0.03954305799648506
4 0.50703125 0.8352372583479789 0.51875 0.04745166959578207
3 0.20625 0.679261862917399 0.0703125 0.0421792618629174
3 0.2046875 0.757908611599297 0.0734375 0.026362038664323375