5 0.5015625 0.7565905096660809 0.7640625 0.07557117750439367
5 0.5 0.6739894551845342 0.7640625 0.0773286467486819
2 0.5109375 0.017135325131810195 0.0359375 0.026362038664323375
2 0.88359375 0.01977152899824253 0.028125 0.026362038664323375
4 0.5015625 0.9648506151142355 0.221875 0.028119507908611598
2 0.78359375 0.017135325131810195 0.05 0.026362038664323375
2 0.5671875 0.013620386643233744 0.034375 0.027240773286467488
5 0.50234375 0.835676625659051 0.7578125 0.08172231985940245
4 0.49296875 0.2139718804920914 0.375 0.04130052724077329
3 0.4984375 0.4152021089630931 0.4640625 0.28471001757469244
4 0.53984375 0.6709138840070299 0.59375 0.03251318101933216
4 0.50078125 0.7561511423550088 0.46875 0.0351493848857645
4 0.496875 0.8352372583479789 0.5171875 0.0421792618629174
3 0.20078125 0.6761862917398945 0.06875 0.04130052724077329
3 0.196875 0.7548330404217927 0.0734375 0.025483304042179262