1 0.50390625 0.11555360281195079 0.646875 0.040421792618629174
4 0.246875 0.11731107205623902 0.1328125 0.02460456942003515
1 0.50390625 0.2095782073813708 0.64375 0.040421792618629174
4 0.23125 0.2126537785588752 0.096875 0.023725834797891036
1 0.50390625 0.30448154657293497 0.65 0.040421792618629174
4 0.20546875 0.30799648506151145 0.0515625 0.023725834797891036
1 0.50390625 0.398506151142355 0.646875 0.040421792618629174
4 0.2078125 0.4015817223198594 0.0546875 0.023725834797891036
1 0.50390625 0.4938488576449912 0.64375 0.040421792618629174
4 0.22109375 0.4951669595782074 0.075 0.023725834797891036
1 0.50390625 0.5874340949033392 0.64375 0.040421792618629174
4 0.2390625 0.5905096660808435 0.1140625 0.02460456942003515
1 0.50390625 0.6814586994727593 0.6421875 0.040421792618629174
4 0.18671875 0.6845342706502636 0.0046875 0.023725834797891036
1 0.50390625 0.7763620386643234 0.64375 0.0421792618629174
4 0.1921875 0.7798769771528998 0.0203125 0.023725834797891036
1 0.50390625 0.8703866432337434 0.64375 0.040421792618629174
4 0.2 0.8734622144112478 0.034375 0.021968365553602813
4 0.20546875 0.960896309314587 0.04375 0.009666080843585237