2 0.953125 0.1656414762741652 0.0125 0.014059753954305799
2 0.678125 0.09534270650263621 0.0546875 0.0421792618629174
3 0.78984375 0.09534270650263621 0.0671875 0.0421792618629174
2 0.8984375 0.09534270650263621 0.0671875 0.0421792618629174
3 0.33515625 0.10017574692442882 0.4625 0.048330404217926184
3 0.7140625 0.1656414762741652 0.046875 0.02460456942003515
4 0.8390625 0.1656414762741652 0.1765625 0.014059753954305799
4 0.33515625 0.2640597539543058 0.50625 0.01757469244288225
4 0.246875 0.3624780316344464 0.3296875 0.020210896309314587
1 0.3140625 0.45166959578207383 0.4 0.03163444639718805
4 0.3484375 0.45298769771528996 0.3328125 0.02460456942003515
5 0.5015625 0.54701230228471 0.9375 0.06678383128295255
4 0.275 0.6357644991212654 0.3296875 0.01845342706502636
4 0.7453125 0.6357644991212654 0.2890625 0.01845342706502636
4 0.50234375 0.5500878734622144 0.1359375 0.02592267135325132