2 0.0671875 0.07644991212653779 0.0390625 0.023725834797891036
4 0.36640625 0.07952548330404217 0.4359375 0.028119507908611598
4 0.1015625 0.15641476274165203 0.125 0.020210896309314587
4 0.153125 0.2095782073813708 0.2203125 0.01757469244288225
4 0.2671875 0.2688927943760984 0.28125 0.021968365553602813
1 0.275 0.3343585237258348 0.2984375 0.029876977152899824
4 0.3328125 0.3343585237258348 0.18125 0.01845342706502636
1 0.2390625 0.4033391915641476 0.2265625 0.029876977152899824
4 0.29609375 0.4046572934973638 0.109375 0.01845342706502636
1 0.2234375 0.47363796133567665 0.1921875 0.028119507908611598
4 0.28046875 0.47363796133567665 0.075 0.020210896309314587
1 0.309375 0.5439367311072056 0.3640625 0.029876977152899824
4 0.36640625 0.5452548330404218 0.25 0.020210896309314587
1 0.22578125 0.6142355008787346 0.1953125 0.029876977152899824
4 0.28046875 0.6142355008787346 0.0828125 0.020210896309314587
1 0.22578125 0.6845342706502636 0.2 0.029876977152899824
4 0.2828125 0.6858523725834798 0.0828125 0.01845342706502636
4 0.81328125 0.773286467486819 0.1265625 0.014059753954305799