4 0.21015625 0.6436731107205624 0.340625 0.020210896309314587
4 0.28828125 0.5531634446397188 0.4984375 0.026362038664323375
4 0.18203125 0.4749560632688928 0.2890625 0.01845342706502636
4 0.18203125 0.4406854130052724 0.2859375 0.020210896309314587
4 0.275 0.3655536028119508 0.4734375 0.026362038664323375
4 0.059375 0.28734622144112476 0.04375 0.01757469244288225
4 0.16640625 0.2530755711775044 0.2546875 0.020210896309314587
4 0.2390625 0.179701230228471 0.4 0.026362038664323375
4 0.26484375 0.07952548330404217 0.1765625 0.028119507908611598
2 0.0671875 0.07644991212653779 0.0421875 0.02460456942003515
1 0.92890625 0.1757469244288225 0.0828125 0.04130052724077329
1 0.92578125 0.3615992970123023 0.0921875 0.03910369068541301