7 0.18359375 0.9929701230228472 0.2921875 0.014059753954305799
4 0.43671875 0.9266256590509666 0.109375 0.02460456942003515
4 0.26875 0.9266256590509666 0.45703125 0.025483304042179262
4 0.26484375 0.8572056239015817 0.45078125 0.025483304042179262
4 0.184375 0.7882249560632689 0.2890625 0.02460456942003515
4 0.20390625 0.7166080843585237 0.32890625 0.021968365553602813
4 0.35078125 0.6467486818980668 0.0890625 0.02460456942003515
4 0.21875 0.6445518453427065 0.36796875 0.025043936731107205
4 0.19453125 0.5782073813708261 0.31015625 0.02592267135325132
4 0.21875 0.5065905096660809 0.3640625 0.02680140597539543
4 0.19375 0.4367311072056239 0.31171875 0.02899824253075571
4 0.22578125 0.36511423550087874 0.37734375 0.025483304042179262
4 0.259375 0.2961335676625659 0.44296875 0.028558875219683654
4 0.31875 0.22583479789103691 0.56328125 0.02680140597539543
4 0.1890625 0.15597539543057998 0.29453125 0.025483304042179262
4 0.40546875 0.07952548330404217 0.48125 0.03427065026362039
2 0.075 0.07644991212653779 0.05 0.029876977152899824