4 0.24140625 0.273286467486819 0.1296875 0.020210896309314587
5 0.4984375 0.9547451669595782 0.3328125 0.08875219683655536
2 0.9140625 0.7983304042179262 0.0203125 0.01845342706502636
2 0.9140625 0.6594903339191565 0.0234375 0.01845342706502636
2 0.9140625 0.5188927943760984 0.0234375 0.020210896309314587
2 0.1140625 0.2750439367311072 0.04375 0.026362038664323375
3 0.06484375 0.070298769771529 0.0578125 0.03602811950790861
2 0.01796875 0.070298769771529 0.0234375 0.020210896309314587
4 0.15546875 0.07205623901581722 0.090625 0.026362038664323375
5 0.83125 0.9547451669595782 0.334375 0.08875219683655536
5 0.16640625 0.9547451669595782 0.3296875 0.08875219683655536
4 0.40546875 0.789543057996485 0.67265625 0.025043936731107205
4 0.4796875 0.6493848857644992 0.81328125 0.024165202108963092
4 0.44765625 0.5092267135325131 0.75703125 0.02460456942003515
4 0.44453125 0.39235500878734625 0.746875 0.03031634446397188
4 0.5015625 0.1766256590509666 0.58125 0.040421792618629174
4 0.16640625 0.5355887521968365 0.2015625 0.02592267135325132
4 0.1609375 0.6739894551845342 0.1859375 0.022847100175746926
4 0.15625 0.8141476274165202 0.1765625 0.02592267135325132