4 0.1296875 0.05799648506151142 0.165625 0.01845342706502636
4 0.25703125 0.1375219683655536 0.121875 0.023725834797891036
4 0.2828125 0.25 0.1734375 0.026362038664323375
4 0.29375 0.36423550087873463 0.196875 0.029876977152899824
4 0.26484375 0.47363796133567665 0.140625 0.023725834797891036
4 0.0859375 0.5531634446397188 0.075 0.01757469244288225
4 0.16640625 0.6203866432337434 0.2359375 0.029876977152899824
4 0.22578125 0.7469244288224957 0.35 0.029876977152899824
4 0.2265625 0.8413884007029877 0.35390625 0.028119507908611598
4 0.1328125 0.9701230228471002 0.165625 0.03163444639718805
2 0.09609375 0.1375219683655536 0.0625 0.037785588752196834
3 0.09609375 0.25 0.078125 0.04569420035149385
2 0.09609375 0.36423550087873463 0.075 0.0421792618629174
3 0.09609375 0.4749560632688928 0.0671875 0.0421792618629174
4 0.1265625 0.8739015817223199 0.1609375 0.029876977152899824