4 0.24921875 0.9578207381370826 0.0421875 0.014059753954305799
4 0.24921875 0.9187170474516696 0.2890625 0.05008787346221441
4 0.75078125 0.9314586994727593 0.0421875 0.014059753954305799
4 0.7484375 0.9033391915641477 0.165625 0.01845342706502636
4 0.75078125 0.15333919156414763 0.08125 0.015817223198594025
4 0.24921875 0.15333919156414763 0.103125 0.015817223198594025
4 0.3484375 0.07952548330404217 0.4046875 0.029876977152899824
2 0.0671875 0.07513181019332162 0.046875 0.020210896309314587
4 0.478125 0.6217047451669596 0.2421875 0.020210896309314587
4 0.51953125 0.5874340949033392 0.31875 0.020210896309314587
4 0.5015625 0.7750439367311072 0.0984375 0.015817223198594025
5 0.4984375 0.7095782073813708 0.6515625 0.05272407732864675
4 0.54296875 0.5531634446397188 0.36875 0.021968365553602813
4 0.50390625 0.4806678383128295 0.66953125 0.031195079086115993
4 0.50390625 0.44639718804920914 0.32734375 0.028558875219683654
3 0.49921875 0.3163444639718805 0.28671875 0.16739894551845344
4 0.5015625 0.710456942003515 0.20546875 0.021528998242530756