5 0.04453125 0.18673110720562391 0.0578125 0.026362038664323375
2 0.1359375 0.6032513181019332 0.2109375 0.12478031634446397
4 0.35 0.40421792618629176 0.1140625 0.048330404217926184
2 0.13515625 0.4204745166959578 0.2078125 0.1256590509666081
5 0.86953125 0.2359402460456942 0.2421875 0.07205623901581722
2 0.13125 0.7838312829525483 0.2046875 0.12478031634446397
2 0.103125 0.2587873462214411 0.16875 0.11335676625659051
4 0.425 0.773725834797891 0.2734375 0.04569420035149385
4 0.55 0.6507029876977153 0.515625 0.023725834797891036
4 0.596875 0.6221441124780316 0.621875 0.027240773286467488
4 0.36328125 0.5751318101933216 0.1515625 0.04745166959578207
4 0.4484375 0.22056239015817222 0.4890625 0.03427065026362039
4 0.596875 0.45298769771528996 0.621875 0.02460456942003515
4 0.4453125 0.2557117750439367 0.4046875 0.022847100175746926
5 0.25078125 0.1195079086115993 0.146875 0.029876977152899824
5 0.74453125 0.12038664323374342 0.1390625 0.02899824253075571
4 0.23828125 0.04130052724077329 0.440625 0.040421792618629174
3 0.80078125 0.037785588752196834 0.078125 0.05975395430579965
2 0.93359375 0.040421792618629174 0.10625 0.06063268892794376
4 0.5859375 0.8220562390158173 0.5953125 0.03163444639718805
2 0.11484375 0.9630931458699473 0.1375 0.06502636203866433
2 0.9125 0.9622144112478032 0.140625 0.07205623901581722
4 0.5125 0.945079086115993 0.61875 0.033391915641476276