4 0.21171875 0.7684534270650264 0.3203125 0.02899824253075571
4 0.165625 0.3945518453427065 0.2265625 0.029876977152899824
4 0.30625 0.5017574692442882 0.5140625 0.03163444639718805
4 0.1640625 0.15421792618629174 0.2265625 0.03251318101933216
4 0.33984375 0.28690685413005274 0.5734375 0.025483304042179262
4 0.18203125 0.2548330404217926 0.2546875 0.030755711775043937
4 0.43828125 0.7992091388400703 0.771875 0.02460456942003515
4 0.42421875 0.18804920913884007 0.75 0.03163444639718805
1 0.88203125 0.5294376098418277 0.0515625 0.037785588752196834
4 0.3453125 0.4257469244288225 0.5921875 0.02460456942003515
4 0.19453125 0.34182776801405973 0.278125 0.027240773286467488
4 0.43125 0.5355887521968365 0.75625 0.02460456942003515
4 0.12734375 0.09534270650263621 0.15 0.028119507908611598
4 0.20078125 0.6089630931458699 0.2984375 0.029876977152899824
4 0.2 0.6827768014059754 0.3 0.040421792618629174
4 0.196875 0.035588752196836555 0.165625 0.0351493848857645
3 0.06171875 0.0320738137082601 0.09375 0.050966608084358524
4 0.1734375 0.56195079086116 0.2375 0.02460456942003515
4 0.1390625 0.45254833040421794 0.1765625 0.02460456942003515