1 0.921875 0.4327768014059754 0.04375 0.026362038664323375
4 0.2625 0.45210896309314585 0.45 0.02328646748681898
4 0.15 0.422231985940246 0.22734375 0.0210896309314587
4 0.40859375 0.3194200351493849 0.74765625 0.01977152899824253
4 0.22109375 0.29130052724077327 0.36640625 0.025483304042179262
4 0.48125 0.18673110720562391 0.88203125 0.018014059753954304
4 0.246875 0.1594903339191564 0.415625 0.023725834797891036
4 0.41328125 0.07952548330404217 0.5265625 0.028119507908611598
2 0.0671875 0.07644991212653779 0.0421875 0.023725834797891036
4 0.159375 0.21045694200351495 0.24453125 0.02240773286467487
4 0.13046875 0.34402460456942 0.19140625 0.02240773286467487