4 0.48359375 0.2508787346221441 0.55 0.02592267135325132
4 0.27578125 0.3141476274165202 0.103125 0.018892794376098417
4 0.28203125 0.37697715289982425 0.1046875 0.020210896309314587
1 0.2625 0.4314586994727592 0.1765625 0.03251318101933216
1 0.6 0.4314586994727592 0.153125 0.029876977152899824
4 0.63359375 0.4327768014059754 0.0890625 0.01757469244288225
4 0.29609375 0.4314586994727592 0.10625 0.014059753954305799
4 0.50078125 0.5202108963093146 0.5921875 0.021968365553602813
4 0.4984375 0.4951669595782074 0.5859375 0.018892794376098417
4 0.50078125 0.4710017574692443 0.5 0.021968365553602813
5 0.2703125 0.7530755711775043 0.1953125 0.05184534270650264
5 0.60546875 0.7530755711775043 0.4421875 0.05184534270650264
4 0.26875 0.7548330404217927 0.09921875 0.0210896309314587
4 0.60625 0.7535149384885764 0.128125 0.026362038664323375