3 0.059375 0.07205623901581722 0.0734375 0.043936731107205626
2 0.8546875 0.07205623901581722 0.0578125 0.03427065026362039
2 0.95859375 0.07205623901581722 0.0125 0.03163444639718805
4 0.1765625 0.07337434094903339 0.1265625 0.021968365553602813
4 0.63359375 0.14674868189806678 0.121875 0.023725834797891036
4 0.0625 0.14543057996485062 0.109375 0.01845342706502636
4 0.36328125 0.14543057996485062 0.0984375 0.01757469244288225
4 0.878125 0.14543057996485062 0.10625 0.01757469244288225
4 0.22890625 0.2623022847100176 0.3015625 0.028119507908611598
1 0.5015625 0.3343585237258348 0.846875 0.029876977152899824
4 0.184375 0.3343585237258348 0.2125 0.020210896309314587
1 0.5015625 0.406414762741652 0.846875 0.029876977152899824
4 0.184375 0.4077328646748682 0.2125 0.01845342706502636
1 0.5015625 0.4797891036906854 0.846875 0.03163444639718805
4 0.184375 0.4811072056239016 0.2125 0.01845342706502636
1 0.5015625 0.554481546572935 0.846875 0.029876977152899824
4 0.184375 0.554481546572935 0.2125 0.01845342706502636
1 0.5015625 0.6282952548330404 0.846875 0.029876977152899824
4 0.184375 0.6296133567662566 0.2125 0.01845342706502636
1 0.5015625 0.7016695957820738 0.846875 0.03163444639718805
4 0.20234375 0.7047451669595782 0.25 0.02460456942003515
5 0.278125 0.7750439367311072 0.4421875 0.07381370826010544
5 0.721875 0.7750439367311072 0.44375 0.07205623901581722
4 0.27734375 0.7759226713532513 0.140625 0.030755711775043937
4 0.721875 0.7754833040421792 0.075 0.028558875219683654