3 0.1609375 0.5017574692442882 0.2546875 0.13005272407732865
3 0.83359375 0.23110720562390158 0.2859375 0.17486818980667837
3 0.878125 0.7702108963093146 0.1890625 0.13884007029876977
4 0.390625 0.773286467486819 0.725 0.028119507908611598
4 0.365625 0.7473637961335676 0.6609375 0.022847100175746926
4 0.5671875 0.5320738137082601 0.54921875 0.025043936731107205
4 0.62734375 0.5061511423550088 0.66953125 0.027680140597539545
4 0.63125 0.476713532513181 0.675 0.025483304042179262
4 0.303125 0.23242530755711774 0.5421875 0.02680140597539543
4 0.32734375 0.2056239015817223 0.5859375 0.022847100175746926
2 0.05703125 0.07205623901581722 0.0390625 0.021968365553602813
4 0.48828125 0.07513181019332162 0.509375 0.026362038664323375
5 0.4984375 0.9248681898066784 0.903125 0.06063268892794376
4 0.1546875 0.2618629173989455 0.2421875 0.02680140597539543
4 0.26328125 0.8022847100175747 0.46328125 0.026362038664323375
4 0.5015625 0.9266256590509666 0.459375 0.021528998242530756