5 0.5015625 0.6985940246045694 0.678125 0.07205623901581722
4 0.49765625 0.46133567662565905 0.61484375 0.025043936731107205
4 0.50234375 0.4336555360281195 0.6234375 0.02592267135325132
4 0.4984375 0.40509666080843587 0.5484375 0.024165202108963092
4 0.50078125 0.335676625659051 0.4140625 0.02592267135325132
4 0.49765625 0.4890158172231986 0.52421875 0.02328646748681898
4 0.49921875 0.5988576449912126 0.62109375 0.02680140597539543
4 0.50078125 0.569859402460457 0.61640625 0.02328646748681898
4 0.50078125 0.5443760984182777 0.625 0.025483304042179262
4 0.5 0.5149384885764499 0.3328125 0.02460456942003515
4 0.49765625 0.6269771528998243 0.434375 0.024165202108963092
4 0.49921875 0.6981546572934973 0.0640625 0.025043936731107205