4 0.18671875 0.9560632688927944 0.078125 0.015817223198594025
3 0.07265625 0.9560632688927944 0.0625 0.03866432337434095
4 0.2390625 0.8857644991212654 0.1796875 0.015817223198594025
3 0.07265625 0.8844463971880492 0.065625 0.03866432337434095
4 0.22109375 0.8141476274165202 0.1453125 0.015817223198594025
3 0.07265625 0.812390158172232 0.059375 0.037785588752196834
4 0.22578125 0.7438488576449912 0.1609375 0.020210896309314587
3 0.0703125 0.7407732864674869 0.0515625 0.03866432337434095
4 0.20234375 0.6687170474516696 0.109375 0.01757469244288225
3 0.07265625 0.6687170474516696 0.0515625 0.037785588752196834
4 0.18984375 0.5984182776801406 0.08125 0.014059753954305799
3 0.07265625 0.5966608084358523 0.0625 0.03866432337434095
4 0.2 0.5263620386643234 0.103125 0.01757469244288225
3 0.07265625 0.5250439367311072 0.065625 0.037785588752196834
4 0.1921875 0.45474516695957823 0.09375 0.015817223198594025
3 0.07265625 0.45298769771528996 0.0625 0.03866432337434095
4 0.215625 0.38137082601054484 0.134375 0.026362038664323375
3 0.07265625 0.38137082601054484 0.065625 0.037785588752196834
4 0.21796875 0.3093145869947276 0.1375 0.026362038664323375
3 0.07265625 0.3093145869947276 0.059375 0.03866432337434095
3 0.353125 0.1546572934973638 0.70625 0.2390158172231986