4 0.3171875 0.1608084358523726 0.384375 0.028119507908611598
1 0.2515625 0.2126537785588752 0.2734375 0.029876977152899824
4 0.30390625 0.2157293497363796 0.171875 0.01845342706502636
1 0.215625 0.28427065026362036 0.2 0.029876977152899824
4 0.26484375 0.28427065026362036 0.096875 0.014059753954305799
1 0.22578125 0.3563268892794376 0.21875 0.028119507908611598
4 0.275 0.3563268892794376 0.1171875 0.015817223198594025
1 0.19765625 0.4279437609841828 0.165625 0.028119507908611598
4 0.24921875 0.4314586994727592 0.0625 0.01845342706502636
1 0.22890625 0.5 0.2234375 0.029876977152899824
4 0.278125 0.5030755711775043 0.121875 0.01845342706502636
1 0.20234375 0.5720562390158173 0.171875 0.028119507908611598
4 0.2515625 0.5720562390158173 0.0734375 0.015817223198594025
1 0.23125 0.6436731107205624 0.23125 0.028119507908611598
4 0.2828125 0.6436731107205624 0.1296875 0.015817223198594025
1 0.23359375 0.7157293497363796 0.2390625 0.029876977152899824
4 0.2859375 0.7157293497363796 0.1375 0.014059753954305799
1 0.22890625 0.7873462214411248 0.2265625 0.029876977152899824
4 0.28046875 0.7873462214411248 0.125 0.014059753954305799
5 0.446875 0.875219683655536 0.6234375 0.05799648506151142
4 0.44140625 0.8734622144112478 0.1625 0.02328646748681898