5 0.15078125 0.6449912126537786 0.2015625 0.13884007029876977
3 0.15234375 0.6212653778558875 0.1171875 0.07381370826010544
5 0.38515625 0.6458699472759226 0.1765625 0.13796133567662566
3 0.38515625 0.6212653778558875 0.1078125 0.06239015817223199
5 0.61875 0.8304042179261862 0.1765625 0.1555360281195079
3 0.615625 0.8040421792618629 0.1203125 0.07644991212653779
5 0.15546875 0.8312829525483304 0.221875 0.15026362038664323
3 0.15 0.8027240773286467 0.1109375 0.06942003514938488
2 0.70625 0.3273286467486819 0.04375 0.03427065026362039
2 0.0671875 0.03910369068541301 0.0546875 0.033391915641476276
2 0.109375 0.14674868189806678 0.1390625 0.09050966608084358
2 0.70859375 0.038224956063268895 0.0515625 0.03602811950790861
2 0.16171875 0.3246924428822496 0.0453125 0.027240773286467488
4 0.37109375 0.4209138840070299 0.709375 0.026362038664323375
4 0.2625 0.3897188049209139 0.49375 0.025483304042179262
2 0.8234375 0.03998242530755712 0.053125 0.033391915641476276
4 0.8625 0.3242530755711775 0.2078125 0.02899824253075571
4 0.153125 0.5333919156414763 0.246875 0.033391915641476276
4 0.1546875 0.8796133567662566 0.19375 0.02460456942003515
4 0.4828125 0.14894551845342707 0.5578125 0.030755711775043937
4 0.559375 0.11467486818980668 0.7109375 0.029876977152899824
5 0.3890625 0.8312829525483304 0.203125 0.15026362038664323
4 0.3890625 0.8778558875219684 0.16875 0.025483304042179262
2 0.93984375 0.03734622144112478 0.0671875 0.0351493848857645
4 0.3875 0.17530755711775045 0.3765625 0.021968365553602813
4 0.07421875 0.328207381370826 0.1046875 0.02899824253075571
4 0.1515625 0.6902460456942003 0.1734375 0.03251318101933216
4 0.38515625 0.687170474516696 0.125 0.028119507908611598
5 0.61484375 0.6449912126537786 0.1609375 0.14235500878734622
4 0.6140625 0.6898066783831283 0.08125 0.028119507908611598
5 0.84453125 0.6449912126537786 0.1765625 0.14235500878734622
4 0.84453125 0.68804920913884 0.0765625 0.028119507908611598
3 0.84921875 0.6230228471001757 0.13125 0.07644991212653779
3 0.61484375 0.6234622144112478 0.1234375 0.07205623901581722
3 0.3828125 0.8057996485061512 0.11875 0.07557117750439367
5 0.8453125 0.8312829525483304 0.2421875 0.15905096660808435
3 0.8453125 0.8066783831282952 0.1171875 0.08172231985940245
4 0.61484375 0.8730228471001757 0.1328125 0.028119507908611598
4 0.84765625 0.8844463971880492 0.2171875 0.043936731107205626
4 0.334375 0.47934973637961337 0.60625 0.030755711775043937
4 0.38984375 0.26142355008787344 0.3703125 0.022847100175746926
4 0.30625 0.23857644991212654 0.2125 0.0210896309314587
4 0.28671875 0.218804920913884 0.1796875 0.01845342706502636
4 0.2515625 0.19815465729349738 0.096875 0.019332161687170474