5 0.7453125 0.9595782073813708 0.48125 0.0641476274165202
5 0.2515625 0.9595782073813708 0.4828125 0.06590509666080843
4 0.2234375 0.07644991212653779 0.1265625 0.023725834797891036
3 0.08828125 0.07644991212653779 0.096875 0.05272407732864675
5 0.340625 0.7297891036906854 0.30625 0.0641476274165202
5 0.659375 0.7297891036906854 0.30625 0.0641476274165202
4 0.4859375 0.539543057996485 0.58515625 0.02592267135325132
4 0.48359375 0.5144991212653779 0.58125 0.02240773286467487
3 0.4984375 0.36731107205623903 0.6265625 0.18892794376098418
4 0.4484375 0.617311072056239 0.5078125 0.02680140597539543
4 0.471875 0.5909490333919156 0.5546875 0.025043936731107205
4 0.42421875 0.5659050966608085 0.45625 0.02592267135325132
4 0.31875 0.6427943760984183 0.24609375 0.025043936731107205
4 0.3390625 0.7315465729349736 0.12109375 0.02328646748681898
4 0.65859375 0.7324253075571178 0.18515625 0.02680140597539543
4 0.74296875 0.961335676625659 0.2828125 0.0320738137082601
4 0.253125 0.9617750439367311 0.16875 0.02899824253075571