4 0.4984375 0.36994727592267135 0.61640625 0.03383128295254833
4 0.5 0.3334797891036907 0.63671875 0.031195079086115993
5 0.4984375 0.679701230228471 0.8546875 0.070298769771529
5 0.4984375 0.7640597539543058 0.8546875 0.070298769771529
5 0.4984375 0.8501757469244289 0.8546875 0.070298769771529
4 0.43359375 0.929701230228471 0.29375 0.020210896309314587
4 0.65703125 0.929701230228471 0.10625 0.021968365553602813
3 0.4984375 0.2438488576449912 0.3296875 0.070298769771529
4 0.5234375 0.6788224956063269 0.3234375 0.027240773286467488
4 0.528125 0.7649384885764499 0.41484375 0.02460456942003515
4 0.53203125 0.8492970123022847 0.2734375 0.024165202108963092
2 0.13046875 0.680140597539543 0.04765625 0.03471001757469244
2 0.12890625 0.7644991212653779 0.065625 0.029876977152899824
2 0.128125 0.8492970123022847 0.05625 0.024165202108963092