4 0.21796875 0.07644991212653779 0.11875 0.023725834797891036
4 0.26484375 0.15641476274165203 0.215625 0.02460456942003515
4 0.340625 0.23418277680140598 0.365625 0.02460456942003515
4 0.3328125 0.3110720562390158 0.353125 0.02460456942003515
4 0.2625 0.3875219683655536 0.2125 0.01845342706502636
4 0.2546875 0.468804920913884 0.196875 0.023725834797891036
4 0.2234375 0.5452548330404218 0.134375 0.02460456942003515
4 0.2984375 0.6217047451669596 0.2859375 0.02460456942003515
4 0.23671875 0.9314586994727593 0.134375 0.02460456942003515
4 0.42578125 0.9314586994727593 0.103125 0.02460456942003515
4 0.36875 0.960896309314587 0.4 0.02460456942003515
2 0.0859375 0.9389279437609842 0.090625 0.05008787346221441
2 0.078125 0.6203866432337434 0.05 0.026362038664323375
2 0.078125 0.5439367311072056 0.05 0.03251318101933216
2 0.078125 0.46572934973637964 0.0578125 0.03163444639718805
2 0.078125 0.3875219683655536 0.0578125 0.029876977152899824
2 0.078125 0.3093145869947276 0.05 0.028119507908611598
2 0.075 0.23286467486818982 0.059375 0.03427065026362039
2 0.078125 0.1546572934973638 0.0546875 0.026362038664323375