4 0.2 0.6467486818980668 0.296875 0.021968365553602813
4 0.2515625 0.5685413005272407 0.2125 0.021968365553602813
2 0.078125 0.5672231985940246 0.0625 0.020210896309314587
4 0.2234375 0.4907732864674868 0.1578125 0.01845342706502636
2 0.075 0.4907732864674868 0.05 0.026362038664323375
4 0.29375 0.38927943760984185 0.303125 0.021968365553602813
2 0.9375 0.3875219683655536 0.01875 0.01845342706502636
2 0.078125 0.38927943760984185 0.0625 0.01845342706502636
4 0.87265625 0.3110720562390158 0.04375 0.01845342706502636
4 0.2 0.312390158172232 0.1109375 0.021968365553602813
2 0.93515625 0.3093145869947276 0.01875 0.01845342706502636
2 0.075 0.3110720562390158 0.0625 0.037785588752196834
4 0.23359375 0.23286467486818982 0.1796875 0.01845342706502636
2 0.075 0.23286467486818982 0.0578125 0.03251318101933216
4 0.859375 0.15641476274165203 0.0703125 0.01845342706502636
4 0.21796875 0.1577328646748682 0.1453125 0.021968365553602813
2 0.93515625 0.15641476274165203 0.01875 0.020210896309314587
2 0.078125 0.1546572934973638 0.05 0.029876977152899824
4 0.22578125 0.07952548330404217 0.1796875 0.029876977152899824
2 0.06484375 0.07644991212653779 0.0359375 0.02460456942003515
1 0.88515625 0.23550087873462214 0.1359375 0.048330404217926184