2 0.94296875 0.07644991212653779 0.0125 0.026362038664323375
5 0.61328125 0.07644991212653779 0.21875 0.04569420035149385
5 0.38984375 0.07644991212653779 0.2234375 0.04569420035149385
2 0.07265625 0.07644991212653779 0.0421875 0.023725834797891036
5 0.6671875 0.7798769771528998 0.3109375 0.070298769771529
5 0.3328125 0.7798769771528998 0.3109375 0.070298769771529
4 0.50234375 0.6669595782073814 0.60390625 0.025483304042179262
4 0.5015625 0.6379613356766256 0.62890625 0.026362038664323375
4 0.5015625 0.6001757469244289 0.61875 0.02460456942003515
3 0.4984375 0.4077328646748682 0.3578125 0.28471001757469244
1 0.78671875 0.2359402460456942 0.028125 0.015817223198594025
4 0.49609375 0.695518453427065 0.2203125 0.026362038664323375
4 0.33125 0.7781195079086116 0.1828125 0.024165202108963092
4 0.66640625 0.7794376098418277 0.19296875 0.023725834797891036