5 0.50078125 0.7513181019332161 0.65078125 0.06239015817223199
4 0.34296875 0.75 0.121875 0.014059753954305799
2 0.23671875 0.75 0.05 0.029876977152899824
4 0.49921875 0.8312829525483304 0.46875 0.023725834797891036
4 0.4984375 0.8084358523725835 0.56640625 0.018892794376098417
4 0.4984375 0.6845342706502636 0.03125 0.012302284710017574
5 0.4984375 0.617311072056239 0.646875 0.06063268892794376
4 0.4984375 0.5175746924428822 0.465625 0.02460456942003515
4 0.50390625 0.4859402460456942 0.59609375 0.02460456942003515
3 0.4984375 0.28734622144112476 0.5609375 0.15641476274165203
4 0.4984375 0.4358523725834798 0.55625 0.029876977152899824
4 0.5109375 0.6177504393673111 0.3796875 0.02240773286467487
2 0.2828125 0.6164323374340949 0.0421875 0.025483304042179262