2 0.0671875 0.07644991212653779 0.0359375 0.021968365553602813
2 0.36328125 0.19068541300527242 0.1953125 0.11687170474516696
4 0.36328125 0.265817223198594 0.171875 0.01757469244288225
4 0.36328125 0.30008787346221444 0.334375 0.01845342706502636
5 0.36328125 0.3655536028119508 0.2125 0.0421792618629174
4 0.32734375 0.46704745166959577 0.234375 0.029876977152899824
4 0.3453125 0.5514059753954306 0.275 0.029876977152899824
4 0.37421875 0.632688927943761 0.3265625 0.029876977152899824
5 0.36328125 0.960896309314587 0.3890625 0.070298769771529
2 0.1140625 0.46572934973637964 0.0578125 0.03866432337434095
2 0.1140625 0.5500878734622144 0.065625 0.037785588752196834
2 0.1140625 0.6344463971880492 0.0625 0.03251318101933216
4 0.365625 0.3655536028119508 0.165625 0.023725834797891036
4 0.3640625 0.9595782073813708 0.29609375 0.024165202108963092