2 0.9453125 0.07644991212653779 0.034375 0.020210896309314587
4 0.1375 0.0812829525483304 0.196875 0.026362038664323375
3 0.33515625 0.2592267135325132 0.0578125 0.03866432337434095
4 0.5375 0.2592267135325132 0.3140625 0.02460456942003515
4 0.17109375 0.36072056239015815 0.078125 0.015817223198594025
4 0.2078125 0.45606326889279436 0.153125 0.014059753954305799
4 0.20546875 0.5500878734622144 0.1453125 0.015817223198594025
4 0.36875 0.6498242530755711 0.4046875 0.020210896309314587
1 0.3375 0.6467486818980668 0.4703125 0.026362038664323375
5 0.4984375 0.7438488576449912 0.8265625 0.07205623901581722
3 0.4984375 0.937609841827768 0.0734375 0.043936731107205626
2 0.0984375 0.9420035149384886 0.05 0.029876977152899824
3 0.3015625 0.9420035149384886 0.04375 0.029876977152899824
2 0.7015625 0.9420035149384886 0.034375 0.026362038664323375
3 0.9015625 0.9420035149384886 0.04375 0.026362038664323375
4 0.2984375 0.9828646748681898 0.1171875 0.014059753954305799
4 0.9015625 0.9828646748681898 0.140625 0.014059753954305799
4 0.7015625 0.9828646748681898 0.11875 0.01054481546572935
4 0.1015625 0.984182776801406 0.08125 0.014059753954305799
4 0.496875 0.7447275922671354 0.20234375 0.03031634446397188
2 0.1421875 0.7442882249560633 0.065625 0.038224956063268895