2 0.88828125 0.9345342706502636 0.1375 0.08084358523725835
2 0.84453125 0.07644991212653779 0.0421875 0.026362038664323375
2 0.9453125 0.07644991212653779 0.0109375 0.02460456942003515
2 0.05703125 0.22803163444639718 0.05 0.029876977152899824
2 0.05703125 0.19068541300527242 0.0390625 0.02460456942003515
4 0.421875 0.10193321616871705 0.45859375 0.056239015817223195
4 0.61328125 0.14850615114235502 0.09375 0.015817223198594025
4 0.2515625 0.18892794376098418 0.3296875 0.020210896309314587
4 0.1921875 0.23110720562390158 0.196875 0.020210896309314587
3 0.0984375 0.101493848857645 0.1609375 0.09666080843585237
2 0.59453125 0.2047451669595782 0.0546875 0.028119507908611598
2 0.5484375 0.17486818980667837 0.059375 0.03602811950790861
4 0.290625 0.30799648506151145 0.503125 0.01757469244288225
4 0.29375 0.37961335676625657 0.2390625 0.021968365553602813
4 0.58671875 0.37829525483304044 0.103125 0.020210896309314587
4 0.1328125 0.46089630931458697 0.1875 0.01757469244288225
4 0.3609375 0.5329525483304042 0.3734375 0.021968365553602813
4 0.28046875 0.6032513181019332 0.2109375 0.021968365553602813
4 0.08046875 0.6858523725834798 0.0828125 0.01757469244288225
4 0.3328125 0.757908611599297 0.3109375 0.020210896309314587
4 0.3140625 0.8282073813708261 0.278125 0.020210896309314587
4 0.28046875 0.8954305799648506 0.2078125 0.01757469244288225
4 0.290625 0.9657293497363796 0.23125 0.01757469244288225
2 0.0671875 0.9657293497363796 0.046875 0.015817223198594025
2 0.0671875 0.8954305799648506 0.0546875 0.03251318101933216
2 0.0671875 0.8264499121265377 0.05 0.021968365553602813
2 0.0671875 0.7548330404217927 0.0546875 0.029876977152899824
2 0.0671875 0.601493848857645 0.046875 0.026362038664323375
2 0.0671875 0.531195079086116 0.0359375 0.021968365553602813
2 0.0671875 0.37653778558875217 0.05 0.028119507908611598