4 0.3453125 0.07644991212653779 0.334375 0.021968365553602813
3 0.83125 0.9358523725834798 0.3140625 0.12478031634446397
3 0.4984375 0.9358523725834798 0.3109375 0.12478031634446397
3 0.16640625 0.9358523725834798 0.3140625 0.12478031634446397
4 0.15078125 0.8391915641476274 0.20234375 0.027680140597539545
2 0.9453125 0.07644991212653779 0.0109375 0.023725834797891036
2 0.84140625 0.07644991212653779 0.05 0.028119507908611598
2 0.72734375 0.07513181019332162 0.04375 0.026362038664323375
2 0.0671875 0.07644991212653779 0.0359375 0.021968365553602813
4 0.33515625 0.7623022847100176 0.2265625 0.021968365553602813
2 0.14296875 0.7592267135325131 0.0625 0.037785588752196834
4 0.26484375 0.6906854130052724 0.0890625 0.01757469244288225
2 0.14296875 0.6889279437609842 0.05 0.029876977152899824
4 0.3015625 0.6203866432337434 0.1609375 0.01845342706502636
2 0.140625 0.6186291739894552 0.0703125 0.02460456942003515
4 0.29375 0.5500878734622144 0.1484375 0.01845342706502636
2 0.140625 0.5500878734622144 0.0578125 0.043936731107205626
4 0.30390625 0.4828646748681898 0.165625 0.021968365553602813
2 0.14296875 0.4780316344463972 0.075 0.043936731107205626
4 0.28046875 0.4125659050966608 0.11875 0.021968365553602813
2 0.14296875 0.4094903339191564 0.0578125 0.03427065026362039
4 0.2671875 0.3391915641476274 0.096875 0.01845342706502636
2 0.140625 0.3374340949033392 0.04375 0.01845342706502636
4 0.18203125 0.273286467486819 0.1140625 0.023725834797891036