5 0.4984375 0.4811072056239016 0.6828125 0.070298769771529
5 0.5015625 0.562390158172232 0.68125 0.070298769771529
5 0.4984375 0.6436731107205624 0.68125 0.06854130052724078
5 0.4984375 0.7249560632688928 0.68125 0.06854130052724078
5 0.5015625 0.8079964850615114 0.68125 0.06854130052724078
4 0.50078125 0.37609841827768015 0.62109375 0.03031634446397188
4 0.50078125 0.34402460456942 0.64140625 0.03031634446397188
4 0.49765625 0.31282952548330406 0.55703125 0.023725834797891036
2 0.4984375 0.218804920913884 0.1890625 0.11687170474516696
4 0.4984375 0.4072934973637961 0.47578125 0.029437609841827767
4 0.496875 0.4828646748681898 0.45234375 0.03163444639718805
4 0.5015625 0.5663444639718805 0.32265625 0.02680140597539543
4 0.5 0.6476274165202109 0.2328125 0.031195079086115993
4 0.5 0.726713532513181 0.3546875 0.035588752196836555
4 0.496875 0.8084358523725835 0.1484375 0.03251318101933216