5 0.4984375 0.7201230228471002 0.4625 0.0641476274165202
4 0.50234375 0.616871704745167 0.91015625 0.028558875219683654
4 0.496875 0.5518453427065027 0.18359375 0.023725834797891036
4 0.49765625 0.46616871704745166 0.17578125 0.019332161687170474
4 0.4984375 0.38927943760984185 0.31875 0.01845342706502636
4 0.5015625 0.3532513181019332 0.165625 0.01757469244288225
2 0.4984375 0.23286467486818982 0.29375 0.1766256590509666
2 0.940625 0.07644991212653779 0.04375 0.026362038664323375
2 0.07265625 0.070298769771529 0.0578125 0.03163444639718805
4 0.20546875 0.07644991212653779 0.134375 0.023725834797891036
4 0.49921875 0.6476274165202109 0.3515625 0.029437609841827767
4 0.5359375 0.7218804920913884 0.30625 0.025483304042179262