3 0.4984375 0.36423550087873463 0.996875 0.3532513181019332
4 0.21015625 0.07644991212653779 0.1453125 0.023725834797891036
4 0.14296875 0.15333919156414763 0.165625 0.015817223198594025
4 0.41328125 0.15333919156414763 0.140625 0.01757469244288225
4 0.709375 0.15333919156414763 0.2125 0.015817223198594025
4 0.96640625 0.15333919156414763 0.0625 0.01757469244288225
2 0.94296875 0.07644991212653779 0.04375 0.028119507908611598
2 0.07265625 0.07337434094903339 0.0546875 0.03251318101933216
4 0.953125 0.6577328646748682 0.0390625 0.021968365553602813
4 0.5015625 0.6577328646748682 0.0734375 0.01845342706502636
4 0.953125 0.8765377855887522 0.0421875 0.023725834797891036
4 0.4984375 0.8765377855887522 0.0984375 0.01845342706502636
3 0.04921875 0.875219683655536 0.05 0.01845342706502636
4 0.953125 0.804481546572935 0.0421875 0.021968365553602813
4 0.5015625 0.8031634446397188 0.0734375 0.01845342706502636
4 0.953125 0.7311072056239016 0.0421875 0.021968365553602813
4 0.4984375 0.7311072056239016 0.0984375 0.01845342706502636
3 0.04921875 0.7280316344463972 0.05 0.01845342706502636
4 0.5015625 0.5795254833040422 0.1875 0.01757469244288225
2 0.95078125 0.5812829525483304 0.0359375 0.021968365553602813