4 0.340625 0.9595782073813708 0.4515625 0.021968365553602813
2 0.05703125 0.9560632688927944 0.0390625 0.021968365553602813
4 0.2625 0.8813708260105448 0.296875 0.020210896309314587
2 0.05703125 0.8782952548330404 0.0421875 0.01757469244288225
4 0.22109375 0.8000878734622144 0.2125 0.01845342706502636
2 0.05703125 0.8000878734622144 0.0421875 0.01845342706502636
4 0.2 0.7249560632688928 0.1734375 0.021968365553602813
2 0.0546875 0.7218804920913884 0.0390625 0.023725834797891036
4 0.246875 0.6436731107205624 0.2671875 0.01845342706502636
2 0.05703125 0.6423550087873462 0.0359375 0.021968365553602813
4 0.22109375 0.5654657293497364 0.215625 0.021968365553602813
2 0.05703125 0.5641476274165202 0.034375 0.021968365553602813
4 0.22890625 0.4876977152899824 0.234375 0.021968365553602813
2 0.0546875 0.4859402460456942 0.0390625 0.021968365553602813
4 0.215625 0.4077328646748682 0.2046875 0.01845342706502636
2 0.05703125 0.4077328646748682 0.03125 0.021968365553602813
4 0.16875 0.3295254833040422 0.1109375 0.01757469244288225
2 0.0546875 0.3295254833040422 0.034375 0.020210896309314587
2 0.05703125 0.25 0.0390625 0.020210896309314587
4 0.17421875 0.25 0.11875 0.01757469244288225
2 0.63671875 0.1234622144112478 0.0234375 0.021968365553602813
4 0.309375 0.14235500878734622 0.18125 0.01845342706502636
4 0.32734375 0.109402460456942 0.2125 0.023725834797891036
2 0.1140625 0.12478031634446397 0.18125 0.1054481546572935
1 0.63984375 0.48637961335676627 0.040625 0.021528998242530756