4 0.60234375 0.1608084358523726 0.1296875 0.012302284710017574
4 0.1296875 0.38268892794376097 0.1578125 0.01757469244288225
4 0.1328125 0.30799648506151145 0.1734375 0.012302284710017574
4 0.1328125 0.2359402460456942 0.1734375 0.012302284710017574
4 0.11171875 0.1608084358523726 0.1328125 0.012302284710017574
3 0.58671875 0.6717926186291739 0.096875 0.020210896309314587
4 0.446875 0.6735500878734623 0.1609375 0.01757469244288225
5 0.74296875 0.6001757469244289 0.465625 0.06063268892794376
5 0.2546875 0.6001757469244289 0.465625 0.06063268892794376
4 0.4984375 0.5298769771528998 0.0359375 0.014059753954305799
5 0.4984375 0.45606326889279436 0.953125 0.06063268892794376
4 0.4984375 0.30799648506151145 0.95 0.05799648506151142
2 0.0671875 0.07644991212653779 0.04375 0.026362038664323375
4 0.30390625 0.07644991212653779 0.3328125 0.021968365553602813
4 0.5015625 0.45606326889279436 0.30078125 0.0210896309314587
4 0.2953125 0.6010544815465729 0.18046875 0.02240773286467487
4 0.7859375 0.601493848857645 0.13984375 0.020650263620386643
2 0.665625 0.6006151142355008 0.05859375 0.035588752196836555
2 0.16328125 0.601493848857645 0.0609375 0.03471001757469244