4 0.41796875 0.5298769771528998 0.2515625 0.021968365553602813
4 0.45703125 0.468804920913884 0.3296875 0.01845342706502636
4 0.16015625 0.5294376098418277 0.16953125 0.02240773286467487
4 0.125 0.468804920913884 0.1015625 0.02328646748681898
4 0.4984375 0.8405096660808435 0.67890625 0.020650263620386643
4 0.5015625 0.7996485061511424 0.7984375 0.022847100175746926
4 0.50234375 0.7746045694200352 0.89453125 0.021528998242530756
4 0.49921875 0.7508787346221442 0.73671875 0.0210896309314587
4 0.5015625 0.6845342706502636 0.353125 0.020210896309314587
5 0.7375 0.6107205623901582 0.4078125 0.05799648506151142
5 0.27265625 0.6107205623901582 0.43125 0.05799648506151142
5 0.4984375 0.29393673110720564 0.5953125 0.05975395430579965
5 0.4984375 0.2016695957820738 0.5953125 0.05975395430579965
4 0.4984375 0.38927943760984185 0.5484375 0.02460456942003515
4 0.7375 0.6120386643233744 0.0953125 0.02328646748681898
4 0.2765625 0.6146748681898067 0.109375 0.022847100175746926
4 0.54296875 0.2056239015817223 0.37578125 0.02328646748681898
4 0.47890625 0.29876977152899825 0.125 0.023725834797891036
2 0.25078125 0.20210896309314588 0.059375 0.025483304042179262
2 0.2421875 0.29437609841827767 0.04140625 0.02460456942003515