5 0.27421875 0.81195079086116 0.415625 0.10369068541300527
5 0.72421875 0.812390158172232 0.4046875 0.09753954305799649
3 0.63515625 0.2451669595782074 0.6015625 0.4305799648506151
3 0.64609375 0.38224956063268895 0.534375 0.07205623901581722
4 0.49765625 0.4951669595782074 0.9359375 0.04481546572934974
4 0.5 0.6656414762741653 0.8875 0.03427065026362039
4 0.6484375 0.22144112478031636 0.3453125 0.0843585237258348
3 0.11171875 0.27065026362038663 0.15625 0.14323374340949033
3 0.2515625 0.2697715289982425 0.071875 0.06766256590509666
4 0.50078125 0.5483304042179262 0.86875 0.0421792618629174
4 0.50078125 0.5953427065026362 0.296875 0.04481546572934974
4 0.4984375 0.7025483304042179 0.515625 0.0351493848857645
4 0.2734375 0.812390158172232 0.128125 0.043936731107205626
4 0.72578125 0.8141476274165202 0.10625 0.03690685413005272
4 0.6421875 0.28471001757469244 0.2828125 0.029876977152899824