5 0.4984375 0.757908611599297 0.3796875 0.070298769771529
2 0.1171875 0.4406854130052724 0.04375 0.048330404217926184
2 0.1171875 0.5342706502636204 0.078125 0.021968365553602813
2 0.1171875 0.6282952548330404 0.04375 0.048330404217926184
4 0.525 0.6203866432337434 0.659375 0.02460456942003515
4 0.55078125 0.5263620386643234 0.709375 0.021968365553602813
4 0.5328125 0.4358523725834798 0.68203125 0.0210896309314587
3 0.5015625 0.22978910369068542 0.140625 0.09490333919156414
4 0.89375 0.09358523725834798 0.0625 0.014059753954305799
4 0.5 0.3343585237258348 0.534375 0.029876977152899824
4 0.50234375 0.29745166959578206 0.56875 0.026362038664323375
4 0.24375 0.45738137082601055 0.10078125 0.01977152899824253
4 0.5 0.757908611599297 0.1625 0.025043936731107205