4 0.48203125 0.3914762741652021 0.91171875 0.02592267135325132
2 0.953125 0.8391915641476274 0.0234375 0.021968365553602813
4 0.18984375 0.8391915641476274 0.096875 0.021968365553602813
3 0.0703125 0.8391915641476274 0.078125 0.029876977152899824
2 0.95546875 0.765817223198594 0.0234375 0.021968365553602813
4 0.24453125 0.7688927943760984 0.2046875 0.026362038664323375
3 0.075 0.765817223198594 0.0671875 0.04657293497363796
5 0.25703125 0.625219683655536 0.4515625 0.05799648506151142
5 0.74296875 0.625219683655536 0.4515625 0.05799648506151142
4 0.4234375 0.5114235500878734 0.7828125 0.025483304042179262
4 0.4546875 0.48154657293497366 0.85234375 0.02328646748681898
4 0.42578125 0.336115992970123 0.7875 0.026362038664323375
5 0.52734375 0.19551845342706503 0.2125 0.015817223198594025
2 0.38203125 0.19551845342706503 0.034375 0.014059753954305799
4 0.18203125 0.1375219683655536 0.2859375 0.01845342706502636
3 0.18984375 0.07644991212653779 0.109375 0.0421792618629174
2 0.0671875 0.07513181019332162 0.046875 0.020210896309314587
4 0.3203125 0.4253075571177504 0.590625 0.029437609841827767
4 0.32421875 0.5421792618629174 0.5953125 0.027240773286467488