2 0.07265625 0.070298769771529 0.0625 0.02460456942003515
2 0.07265625 0.937609841827768 0.0546875 0.03251318101933216
2 0.07265625 0.8655536028119508 0.0390625 0.03251318101933216
2 0.07265625 0.7952548330404218 0.0546875 0.03251318101933216
2 0.07265625 0.7249560632688928 0.05 0.026362038664323375
2 0.07265625 0.6546572934973638 0.05 0.03251318101933216
2 0.075 0.5843585237258347 0.046875 0.03251318101933216
2 0.07265625 0.515817223198594 0.059375 0.03427065026362039
4 0.2703125 0.9358523725834798 0.1875 0.01845342706502636
4 0.275 0.8655536028119508 0.1953125 0.01845342706502636
4 0.246875 0.7983304042179262 0.140625 0.023725834797891036
4 0.24921875 0.7280316344463972 0.1453125 0.023725834797891036
4 0.2078125 0.6577328646748682 0.0625 0.021968365553602813
4 0.25703125 0.5874340949033392 0.1578125 0.023725834797891036
4 0.215625 0.515817223198594 0.0828125 0.01845342706502636
4 0.21015625 0.421792618629174 0.0734375 0.01845342706502636
4 0.22890625 0.351493848857645 0.1015625 0.01845342706502636
4 0.21328125 0.281195079086116 0.0703125 0.01845342706502636
4 0.21328125 0.210896309314587 0.0703125 0.01845342706502636
4 0.24140625 0.140597539543058 0.1296875 0.01845342706502636
4 0.215625 0.070298769771529 0.0828125 0.01845342706502636