4 0.21796875 0.07820738137082602 0.353125 0.037785588752196834
2 0.4703125 0.07820738137082602 0.0625 0.03602811950790861
4 0.125 0.14674868189806678 0.1796875 0.020210896309314587
4 0.090625 0.2060632688927944 0.1140625 0.020210896309314587
4 0.17109375 0.2750439367311072 0.28125 0.026362038664323375
4 0.15859375 0.3405096660808436 0.2546875 0.026362038664323375
4 0.21328125 0.406414762741652 0.3609375 0.026362038664323375
4 0.18984375 0.4718804920913884 0.309375 0.026362038664323375
4 0.1171875 0.5360281195079086 0.171875 0.021968365553602813
4 0.13515625 0.601493848857645 0.203125 0.021968365553602813
4 0.16328125 0.742091388400703 0.259375 0.01845342706502636
4 0.290625 0.8014059753954306 0.5171875 0.026362038664323375
4 0.290625 0.8686291739894552 0.5171875 0.026362038664323375
4 0.27265625 0.9345342706502636 0.48125 0.026362038664323375