5 0.82265625 0.23022847100175747 0.184375 0.07469244288224956
2 0.91484375 0.7781195079086116 0.0890625 0.061511423550087874
2 0.1359375 0.7794376098418277 0.2125 0.13093145869947276
4 0.48515625 0.2601054481546573 0.4125 0.02460456942003515
2 0.91484375 0.6006151142355008 0.0890625 0.061511423550087874
4 0.43828125 0.20342706502636204 0.3203125 0.026362038664323375
2 0.9140625 0.4257469244288225 0.0890625 0.061511423550087874
4 0.3421875 0.812829525483304 0.178125 0.021968365553602813
2 0.1328125 0.4257469244288225 0.1984375 0.12390158172231985
4 0.4828125 0.5808435852372583 0.4625 0.02460456942003515
4 0.48984375 0.6384007029876977 0.4765625 0.02460456942003515
4 0.4984375 0.3062390158172232 0.834375 0.020210896309314587
4 0.4515625 0.7583479789103691 0.403125 0.027240773286467488
4 0.49921875 0.4033391915641476 0.4921875 0.02899824253075571
4 0.34609375 0.7284710017574693 0.1796875 0.025483304042179262
4 0.3421875 0.37565905096660807 0.171875 0.022847100175746926
2 0.13203125 0.6023725834797891 0.203125 0.1282952548330404
2 0.16484375 0.22759226713532513 0.159375 0.10281195079086115
5 0.653125 0.11906854130052724 0.2734375 0.030755711775043937
2 0.93515625 0.03602811950790861 0.0734375 0.043936731107205626
2 0.93984375 0.03646748681898067 0.0796875 0.04569420035149385
2 0.940625 0.037785588752196834 0.059375 0.040421792618629174
4 0.340625 0.5527240773286467 0.178125 0.02460456942003515
4 0.390625 0.46265377855887524 0.2796875 0.026362038664323375
5 0.2390625 0.1195079086115993 0.1328125 0.029876977152899824
5 0.41328125 0.11994727592267135 0.1296875 0.029876977152899824
5 0.9046875 0.12038664323374342 0.1515625 0.02899824253075571
4 0.40703125 0.04305799648506151 0.4765625 0.040421792618629174
2 0.06796875 0.03734622144112478 0.0703125 0.03427065026362039
4 0.353125 0.23242530755711774 0.1484375 0.027240773286467488
4 0.365625 0.609402460456942 0.234375 0.02899824253075571
4 0.36796875 0.7869068541300527 0.23125 0.026362038664323375