2 0.13125 0.9138840070298769 0.2125 0.13093145869947276
2 0.13125 0.5566783831282952 0.2109375 0.13093145869947276
2 0.13515625 0.39630931458699475 0.2078125 0.13181019332161686
5 0.87578125 0.7240773286467487 0.196875 0.05711775043936731
5 0.87578125 0.7236379613356766 0.19375 0.05008787346221441
2 0.91484375 0.23506151142355008 0.0890625 0.05799648506151142
4 0.38515625 0.6994727592267135 0.23125 0.02460456942003515
2 0.91484375 0.39806678383128297 0.0890625 0.06063268892794376
4 0.3484375 0.37565905096660807 0.184375 0.028119507908611598
4 0.365625 0.5057117750439367 0.21875 0.02460456942003515
2 0.13203125 0.23769771528998243 0.2109375 0.13268892794376097
4 0.41015625 0.9499121265377856 0.3203125 0.026362038664323375
4 0.48671875 0.27152899824253074 0.471875 0.029876977152899824
4 0.36640625 0.5351493848857645 0.2234375 0.02460456942003515
4 0.9046875 0.6665202108963093 0.1484375 0.022847100175746926
4 0.4953125 0.21924428822495606 0.4921875 0.03427065026362039
4 0.36171875 0.3453427065026362 0.2109375 0.026362038664323375
4 0.36015625 0.8620386643233744 0.2109375 0.022847100175746926
2 0.13984375 0.726713532513181 0.240625 0.15289982425307558
2 0.90859375 0.9103690685413005 0.0890625 0.06063268892794376
2 0.91484375 0.5527240773286467 0.090625 0.06063268892794376
4 0.50703125 0.43014059753954303 0.5046875 0.022847100175746926
4 0.340625 0.18585237258347978 0.184375 0.026362038664323375
4 0.44296875 0.6717926186291739 0.359375 0.02899824253075571
4 0.54921875 0.8932337434094904 0.5859375 0.03163444639718805
4 0.53046875 0.5918277680140598 0.553125 0.03427065026362039
5 0.40703125 0.04305799648506151 0.4828125 0.03690685413005272
2 0.0671875 0.03998242530755712 0.075 0.03602811950790861
5 0.14296875 0.11906854130052724 0.153125 0.030755711775043937
5 0.321875 0.11775043936731107 0.1421875 0.03602811950790861
5 0.49453125 0.11511423550087874 0.134375 0.03163444639718805
5 0.73984375 0.11643233743409491 0.275 0.03427065026362039
2 0.9421875 0.04086115992970123 0.078125 0.04481546572934974
4 0.30625 0.45606326889279436 0.103125 0.023725834797891036