2 0.9328125 0.07644991212653779 0.0578125 0.040421792618629174
4 0.2 0.06854130052724078 0.1015625 0.01757469244288225
4 0.24921875 0.1375219683655536 0.203125 0.023725834797891036
4 0.24921875 0.2016695957820738 0.203125 0.01845342706502636
4 0.2515625 0.2702108963093146 0.2125 0.021968365553602813
4 0.23671875 0.3343585237258348 0.1796875 0.01845342706502636
4 0.19453125 0.4033391915641476 0.09375 0.021968365553602813
4 0.278125 0.47012302284710017 0.259375 0.021968365553602813
4 0.2984375 0.5342706502636204 0.3015625 0.01845342706502636
4 0.21796875 0.6032513181019332 0.1421875 0.021968365553602813
4 0.2078125 0.6704745166959578 0.11875 0.021968365553602813
2 0.07265625 0.6656414762741653 0.0546875 0.037785588752196834
2 0.07265625 0.5984182776801406 0.059375 0.03602811950790861
2 0.07265625 0.5329525483304042 0.0625 0.03602811950790861
3 0.07265625 0.46572934973637964 0.0515625 0.03602811950790861
2 0.07265625 0.3998242530755712 0.0703125 0.03602811950790861
2 0.07265625 0.3343585237258348 0.0625 0.03602811950790861
2 0.07265625 0.2671353251318102 0.04375 0.03602811950790861
2 0.07265625 0.1999121265377856 0.0625 0.037785588752196834
2 0.07265625 0.1344463971880492 0.075 0.037785588752196834
2 0.07265625 0.06854130052724078 0.0671875 0.037785588752196834