2 0.79453125 0.070298769771529 0.04375 0.03427065026362039
2 0.9328125 0.070298769771529 0.0578125 0.03602811950790861
2 0.17890625 0.06854130052724078 0.05 0.028119507908611598
3 0.0828125 0.070298769771529 0.0734375 0.048330404217926184
4 0.44453125 0.07337434094903339 0.43125 0.028119507908611598
4 0.3171875 0.140597539543058 0.396875 0.023725834797891036
4 0.2828125 0.2126537785588752 0.325 0.021968365553602813
4 0.2 0.28734622144112476 0.153125 0.02460456942003515
4 0.19453125 0.3563268892794376 0.1453125 0.021968365553602813
4 0.24453125 0.4279437609841828 0.24375 0.021968365553602813
4 0.24140625 0.5030755711775043 0.24375 0.026362038664323375
4 0.24921875 0.5751318101933216 0.4390625 0.026362038664323375
4 0.2234375 0.6454305799648506 0.38125 0.028119507908611598
4 0.08828125 0.7157293497363796 0.11875 0.021968365553602813
4 0.153125 0.7873462214411248 0.2421875 0.021968365553602813
2 0.059375 0.140597539543058 0.04375 0.03427065026362039
2 0.059375 0.2126537785588752 0.0578125 0.03427065026362039
3 0.059375 0.28427065026362036 0.028125 0.03602811950790861
2 0.059375 0.3563268892794376 0.0515625 0.026362038664323375
2 0.059375 0.4279437609841828 0.046875 0.03427065026362039
4 0.059375 0.4982425307557118 0.05 0.020210896309314587
1 0.528125 0.28339191564147626 0.26953125 0.05008787346221441
1 0.53671875 0.4288224956063269 0.24453125 0.04789103690685413
1 0.53125 0.4995606326889279 0.2484375 0.04964850615114236