4 0.29609375 0.1577328646748682 0.215625 0.03251318101933216
4 0.22890625 0.07820738137082602 0.1875 0.029876977152899824
2 0.0671875 0.07644991212653779 0.046875 0.028119507908611598
2 0.8234375 0.07644991212653779 0.0578125 0.03427065026362039
2 0.940625 0.07644991212653779 0.0703125 0.03251318101933216
2 0.078125 0.15333919156414763 0.05 0.028119507908611598
2 0.078125 0.22671353251318102 0.04375 0.020210896309314587
2 0.078125 0.29833040421792617 0.05 0.03163444639718805
4 0.2984375 0.22978910369068542 0.2109375 0.029876977152899824
4 0.31171875 0.30008787346221444 0.228125 0.02460456942003515
4 0.42578125 0.37521968365553604 0.4578125 0.028119507908611598
4 0.2828125 0.44859402460456943 0.1765625 0.029876977152899824
2 0.078125 0.37038664323374343 0.046875 0.029876977152899824
2 0.078125 0.44551845342706503 0.05 0.029876977152899824