5 0.5046875 0.906414762741652 0.25 0.0641476274165202
4 0.39765625 0.14279437609841827 0.5328125 0.03690685413005272
4 0.4859375 0.8422671353251318 0.709375 0.026362038664323375
4 0.21796875 0.8110720562390158 0.1859375 0.029876977152899824
4 0.43359375 0.7561511423550088 0.6015625 0.028119507908611598
4 0.4828125 0.7253954305799648 0.6953125 0.025483304042179262
4 0.4796875 0.6959578207381371 0.6984375 0.029876977152899824
4 0.4078125 0.6656414762741653 0.559375 0.025483304042179262
2 0.94609375 0.038224956063268895 0.01875 0.03251318101933216
4 0.40390625 0.37917398945518455 0.553125 0.03427065026362039
4 0.42109375 0.32381370826010547 0.5734375 0.030755711775043937
4 0.4796875 0.29393673110720564 0.6828125 0.02899824253075571
4 0.4609375 0.2587873462214411 0.6546875 0.02460456942003515
4 0.515625 0.22759226713532513 0.7625 0.027240773286467488
4 0.2203125 0.19727592267135324 0.1859375 0.028119507908611598
4 0.5015625 0.07249560632688928 0.2578125 0.030755711775043937
4 0.45703125 0.6085237258347979 0.646875 0.027240773286467488
4 0.29921875 0.5790861159929701 0.340625 0.028119507908611598
4 0.4296875 0.4679261862917399 0.5875 0.029876977152899824
4 0.225 0.4384885764499121 0.1796875 0.029876977152899824
4 0.40390625 0.5276801405975395 0.5484375 0.03251318101933216