2 0.07265625 0.07513181019332162 0.0671875 0.03866432337434095
4 0.22578125 0.07820738137082602 0.11875 0.02460456942003515
4 0.22890625 0.14543057996485062 0.1296875 0.01845342706502636
2 0.07265625 0.1577328646748682 0.065625 0.03866432337434095
4 0.31171875 0.1735500878734622 0.29375 0.015817223198594025
4 0.2671875 0.22803163444639718 0.2078125 0.020210896309314587
2 0.075 0.2390158172231986 0.0703125 0.03163444639718805
4 0.325 0.2548330404217926 0.3171875 0.015817223198594025
4 0.24140625 0.312390158172232 0.1484375 0.023725834797891036
2 0.0859375 0.3185413005272408 0.096875 0.037785588752196834
4 0.3765625 0.3391915641476274 0.4234375 0.01845342706502636
4 0.246875 0.39235500878734625 0.15625 0.01845342706502636
2 0.075 0.4033391915641476 0.0578125 0.03427065026362039
4 0.40234375 0.421792618629174 0.4734375 0.01845342706502636
2 0.0578125 0.48550087873462217 0.03984375 0.02460456942003515
4 0.20546875 0.4876977152899824 0.196875 0.02460456942003515
2 0.0578125 0.5685413005272407 0.040625 0.026362038664323375
4 0.22578125 0.570298769771529 0.2421875 0.023725834797891036
2 0.05703125 0.6436731107205624 0.0359375 0.021968365553602813
4 0.20546875 0.6454305799648506 0.2 0.014059753954305799
2 0.05703125 0.7139718804920914 0.0390625 0.021968365553602813
4 0.153125 0.7157293497363796 0.096875 0.014059753954305799