4 0.521875 0.429701230228471 0.1734375 0.01757469244288225
4 0.4671875 0.36731107205623903 0.0703125 0.021968365553602813
4 0.521875 0.29833040421792617 0.1765625 0.01757469244288225
2 0.90625 0.945518453427065 0.134375 0.08260105448154657
2 0.9484375 0.07205623901581722 0.0546875 0.03251318101933216
5 0.6078125 0.07205623901581722 0.21875 0.043936731107205626
5 0.38984375 0.07205623901581722 0.215625 0.043936731107205626
2 0.04921875 0.07205623901581722 0.05 0.01757469244288225
5 0.5015625 0.6186291739894552 0.91875 0.05799648506151142
4 0.22578125 0.8172231985940246 0.371875 0.021968365553602813
5 0.4984375 0.7561511423550088 0.91875 0.05975395430579965
5 0.7328125 0.6845342706502636 0.4546875 0.05799648506151142
5 0.2671875 0.6845342706502636 0.4546875 0.05799648506151142
3 0.2234375 0.4248681898066784 0.2390625 0.14499121265377857
4 0.4984375 0.22495606326889278 0.35 0.028119507908611598
4 0.66484375 0.5531634446397188 0.47734375 0.02680140597539543
4 0.328125 0.6195079086115993 0.36171875 0.028558875219683654
4 0.7328125 0.6867311072056239 0.13984375 0.02680140597539543
4 0.26484375 0.6832161687170475 0.10078125 0.027240773286467488
2 0.0953125 0.6164323374340949 0.05546875 0.026362038664323375
4 0.50078125 0.7601054481546573 0.27421875 0.027240773286467488