4 0.246875 0.8954305799648506 0.340625 0.020210896309314587
4 0.81328125 0.79701230228471 0.1265625 0.014059753954305799
2 0.1453125 0.695518453427065 0.09375 0.056239015817223195
2 0.1453125 0.601493848857645 0.0859375 0.0641476274165202
2 0.1453125 0.507908611599297 0.103125 0.06239015817223199
2 0.1453125 0.4156414762741652 0.109375 0.05975395430579965
2 0.1484375 0.3220562390158172 0.1171875 0.06854130052724078
4 0.3484375 0.6968365553602812 0.228125 0.026362038664323375
4 0.53515625 0.6032513181019332 0.63125 0.02460456942003515
4 0.39453125 0.5092267135325131 0.3328125 0.026362038664323375
4 0.3609375 0.4204745166959578 0.2546875 0.03163444639718805
4 0.3453125 0.3220562390158172 0.2203125 0.02460456942003515
4 0.25703125 0.2469244288224956 0.265625 0.028119507908611598