2 0.11171875 0.09050966608084358 0.1484375 0.08875219683655536
2 0.61015625 0.2390158172231986 0.0421875 0.029876977152899824
4 0.125 0.210896309314587 0.1765625 0.01757469244288225
4 0.22578125 0.2451669595782074 0.3765625 0.023725834797891036
3 0.340625 0.1577328646748682 0.678125 0.2451669595782074
4 0.22109375 0.328207381370826 0.090625 0.015817223198594025
4 0.2546875 0.398506151142355 0.1578125 0.01757469244288225
4 0.24140625 0.47012302284710017 0.1328125 0.021968365553602813
4 0.275 0.5404217926186292 0.203125 0.020210896309314587
4 0.31171875 0.6107205623901582 0.2734375 0.021968365553602813
4 0.275 0.679701230228471 0.196875 0.020210896309314587
4 0.309375 0.7517574692442882 0.265625 0.020210896309314587
4 0.2390625 0.8220562390158173 0.125 0.020210896309314587
2 0.0671875 0.8185413005272407 0.05 0.029876977152899824
2 0.0671875 0.7482425307557118 0.05 0.029876977152899824
2 0.0671875 0.6779437609841827 0.046875 0.029876977152899824
2 0.0671875 0.6076449912126538 0.0390625 0.026362038664323375
2 0.06484375 0.5373462214411248 0.05 0.03163444639718805
2 0.0671875 0.46704745166959577 0.05 0.03163444639718805
2 0.0671875 0.398506151142355 0.0515625 0.028119507908611598
2 0.0671875 0.3264499121265378 0.05 0.026362038664323375