2 0.1140625 0.1344463971880492 0.1265625 0.07820738137082602
4 0.1453125 0.2060632688927944 0.1765625 0.01845342706502636
4 0.246875 0.24077328646748683 0.3796875 0.021968365553602813
4 0.22578125 0.3154657293497364 0.1109375 0.021968365553602813
4 0.25703125 0.38576449912126537 0.1734375 0.01845342706502636
4 0.25703125 0.45782073813708263 0.1734375 0.01845342706502636
4 0.23125 0.5329525483304042 0.125 0.01845342706502636
4 0.26484375 0.6045694200351494 0.1875 0.01845342706502636
4 0.3015625 0.6766256590509666 0.2703125 0.01845342706502636
4 0.17421875 0.7517574692442882 0.2578125 0.021968365553602813
4 0.109375 0.8185413005272407 0.121875 0.021968365553602813
5 0.6546875 0.95298769771529 0.215625 0.04657293497363796
2 0.0859375 0.6779437609841827 0.0578125 0.03427065026362039
2 0.0859375 0.6045694200351494 0.065625 0.03163444639718805
2 0.0859375 0.5298769771528998 0.065625 0.03427065026362039
2 0.0859375 0.45957820738137084 0.065625 0.021968365553602813
2 0.0859375 0.38576449912126537 0.0625 0.03163444639718805
2 0.0859375 0.312390158172232 0.0625 0.03251318101933216
4 0.65390625 0.9521089630931459 0.140625 0.020210896309314587