4 0.1171875 0.1827768014059754 0.121875 0.01845342706502636
4 0.22578125 0.2671353251318102 0.1109375 0.021968365553602813
4 0.25703125 0.3374340949033392 0.1734375 0.01757469244288225
4 0.25703125 0.4108084358523726 0.1734375 0.01845342706502636
4 0.23359375 0.484182776801406 0.125 0.015817223198594025
4 0.26484375 0.5579964850615114 0.1875 0.01757469244288225
4 0.30390625 0.6296133567662566 0.265625 0.01845342706502636
4 0.17890625 0.70298769771529 0.259375 0.021968365553602813
4 0.109375 0.7702108963093146 0.125 0.020210896309314587
5 0.6546875 0.9516695957820738 0.215625 0.04569420035149385
2 0.0859375 0.6296133567662566 0.0578125 0.03427065026362039
2 0.0828125 0.5562390158172232 0.0625 0.03163444639718805
2 0.0859375 0.4828646748681898 0.065625 0.03427065026362039
2 0.0859375 0.4108084358523726 0.065625 0.021968365553602813
2 0.0859375 0.3374340949033392 0.065625 0.03251318101933216
2 0.0859375 0.2640597539543058 0.0625 0.03427065026362039
4 0.653125 0.95298769771529 0.15 0.022847100175746926