3 0.140625 0.20298769771529 0.278125 0.1687170474516696
4 0.5765625 0.8422671353251318 0.103125 0.020210896309314587
4 0.5765625 0.8154657293497364 0.10625 0.01845342706502636
4 0.73828125 0.7860281195079086 0.44140625 0.02460456942003515
4 0.73515625 0.7592267135325131 0.43984375 0.025043936731107205
4 0.0828125 0.8422671353251318 0.103125 0.01845342706502636
4 0.08046875 0.8154657293497364 0.10625 0.01845342706502636
4 0.2484375 0.7869068541300527 0.45625 0.02460456942003515
4 0.25078125 0.7596660808435852 0.45625 0.02460456942003515
4 0.384375 0.2359402460456942 0.1609375 0.01757469244288225
4 0.5375 0.2078207381370826 0.465625 0.021968365553602813
4 0.4625 0.1766256590509666 0.3171875 0.023725834797891036
2 0.9375 0.07952548330404217 0.059375 0.03602811950790861
2 0.82578125 0.07820738137082602 0.0578125 0.037785588752196834
2 0.0671875 0.07644991212653779 0.0421875 0.023725834797891036
2 0.63125 0.45166959578207383 0.1421875 0.0843585237258348
2 0.36875 0.45298769771528996 0.1453125 0.08611599297012303
2 0.36875 0.6186291739894552 0.1453125 0.0843585237258348
4 0.36875 0.6906854130052724 0.1265625 0.01757469244288225
4 0.63125 0.5263620386643234 0.109375 0.021968365553602813
4 0.36875 0.5250439367311072 0.1140625 0.01845342706502636
4 0.5375 0.3391915641476274 0.309375 0.021968365553602813
2 0.215625 0.3391915641476274 0.0578125 0.03602811950790861