2 0.06796875 0.03251318101933216 0.053125 0.03427065026362039
4 0.1765625 0.3181019332161687 0.1203125 0.03690685413005272
4 0.1515625 0.5307557117750439 0.075 0.03427065026362039
3 0.81484375 0.335676625659051 0.3703125 0.5254833040421792
2 0.06640625 0.10369068541300527 0.0546875 0.033391915641476276
4 0.33125 0.6735500878734623 0.4359375 0.03866432337434095
4 0.234375 0.6032513181019332 0.2359375 0.03954305799648506
2 0.06640625 0.1766256590509666 0.0515625 0.029876977152899824
4 0.22109375 0.3897188049209139 0.2234375 0.037785588752196834
4 0.1828125 0.17486818980667837 0.146875 0.03602811950790861
4 0.23359375 0.46045694200351495 0.240625 0.03866432337434095
4 0.17421875 0.24648506151142355 0.11875 0.03954305799648506
2 0.06796875 0.24560632688927944 0.0515625 0.030755711775043937
2 0.06640625 0.531634446397188 0.0546875 0.03251318101933216
2 0.0671875 0.7442882249560633 0.053125 0.033391915641476276
3 0.8140625 0.8453427065026362 0.371875 0.30579964850615116
4 0.9265625 0.9586994727592267 0.1109375 0.030755711775043937
4 0.16640625 0.03163444639718805 0.1109375 0.0351493848857645
4 0.165625 0.1023725834797891 0.103125 0.03690685413005272
2 0.06640625 0.3189806678383128 0.05625 0.030755711775043937
2 0.06484375 0.3897188049209139 0.05625 0.03690685413005272
2 0.06484375 0.45957820738137084 0.0625 0.02899824253075571
2 0.06171875 0.6032513181019332 0.059375 0.03602811950790861
4 0.18671875 0.7473637961335676 0.146875 0.03866432337434095
2 0.06953125 0.6744288224956063 0.05 0.03251318101933216