2 0.92734375 0.9639718804920914 0.0578125 0.03602811950790861
2 0.4984375 0.9639718804920914 0.034375 0.03602811950790861
2 0.0703125 0.9639718804920914 0.0578125 0.026362038664323375
5 0.4984375 0.8264499121265377 0.8703125 0.06854130052724078
4 0.33515625 0.7469244288224957 0.2265625 0.021968365553602813
2 0.1484375 0.7469244288224957 0.090625 0.054481546572934976
4 0.509375 0.6577328646748682 0.5640625 0.021968365553602813
2 0.15546875 0.6577328646748682 0.0828125 0.05799648506151142
4 0.37421875 0.5685413005272407 0.303125 0.020210896309314587
2 0.1484375 0.5685413005272407 0.0859375 0.05272407732864675
4 0.32734375 0.4811072056239016 0.2046875 0.023725834797891036
2 0.1484375 0.4811072056239016 0.0984375 0.05799648506151142
4 0.32734375 0.39235500878734625 0.203125 0.021968365553602813
2 0.15078125 0.39235500878734625 0.078125 0.04657293497363796
4 0.3375 0.3062390158172232 0.2265625 0.028119507908611598
2 0.1484375 0.3031634446397188 0.09375 0.05184534270650264
4 0.16328125 0.2157293497363796 0.121875 0.021968365553602813
4 0.496875 0.8260105448154658 0.1171875 0.024165202108963092