4 0.45703125 0.4982425307557118 0.6890625 0.02460456942003515
5 0.7015625 0.7702108963093146 0.465625 0.06854130052724078
5 0.26484375 0.7688927943760984 0.4 0.070298769771529
5 0.4984375 0.6766256590509666 0.7953125 0.056239015817223195
5 0.5015625 0.5795254833040422 0.7953125 0.05272407732864675
4 0.3671875 0.37521968365553604 0.534375 0.03031634446397188
4 0.1375 0.28295254833040423 0.0671875 0.021968365553602813
4 0.29609375 0.43629173989455183 0.38515625 0.029876977152899824
4 0.24609375 0.4055360281195079 0.28515625 0.028119507908611598
4 0.5015625 0.5817223198594025 0.30703125 0.03163444639718805
4 0.5015625 0.6783831282952548 0.36484375 0.02680140597539543
4 0.6984375 0.7728471001757469 0.215625 0.02680140597539543
4 0.26328125 0.7715289982425307 0.11953125 0.026362038664323375