4 0.19453125 0.0672231985940246 0.3171875 0.029876977152899824
4 0.18984375 0.10017574692442882 0.2984375 0.020210896309314587
4 0.22109375 0.18145869947275922 0.0890625 0.01757469244288225
4 0.26484375 0.27636203866432335 0.1796875 0.01845342706502636
4 0.24140625 0.3466608084358524 0.1328125 0.015817223198594025
4 0.2625 0.4173989455184534 0.1734375 0.01845342706502636
4 0.246875 0.4876977152899824 0.140625 0.01757469244288225
4 0.2703125 0.5579964850615114 0.1890625 0.01757469244288225
4 0.3328125 0.6533391915641477 0.3109375 0.01757469244288225
4 0.2828125 0.7236379613356766 0.2109375 0.01845342706502636
4 0.2390625 0.820298769771529 0.125 0.020210896309314587
2 0.0671875 0.8185413005272407 0.05 0.029876977152899824
2 0.0671875 0.7236379613356766 0.05 0.029876977152899824
2 0.0671875 0.6533391915641477 0.05 0.028119507908611598
2 0.0671875 0.5579964850615114 0.04375 0.026362038664323375
2 0.0671875 0.4859402460456942 0.05 0.028119507908611598
2 0.0671875 0.4173989455184534 0.05 0.029876977152899824
2 0.0671875 0.3466608084358524 0.046875 0.03163444639718805
2 0.0671875 0.27636203866432335 0.0421875 0.029876977152899824
2 0.0671875 0.18145869947275922 0.05 0.026362038664323375