4 0.37890625 0.3501757469244288 0.340625 0.01845342706502636
1 0.509375 0.4125659050966608 0.5953125 0.029876977152899824
4 0.353125 0.4156414762741652 0.278125 0.021968365553602813
1 0.509375 0.45957820738137084 0.5953125 0.028119507908611598
4 0.3484375 0.45957820738137084 0.2703125 0.01845342706502636
1 0.51171875 0.5061511423550088 0.5921875 0.028119507908611598
4 0.36875 0.5092267135325131 0.30625 0.021968365553602813
1 0.51171875 0.5531634446397188 0.5953125 0.028119507908611598
4 0.31953125 0.554481546572935 0.2125 0.020210896309314587
1 0.51171875 0.6001757469244289 0.5953125 0.028119507908611598
4 0.259375 0.6001757469244289 0.09375 0.01845342706502636
4 0.7453125 0.6889279437609842 0.05 0.01845342706502636