3 0.4984375 0.15333919156414763 0.1890625 0.11423550087873462
4 0.50078125 0.2504393673110721 0.2734375 0.027680140597539545
5 0.4984375 0.35764499121265375 0.6625 0.06063268892794376
5 0.4984375 0.45298769771528996 0.6578125 0.05975395430579965
4 0.5015625 0.5329525483304042 0.04375 0.015817223198594025
5 0.4984375 0.6142355008787346 0.6625 0.06239015817223199
4 0.36328125 0.7095782073813708 0.1484375 0.01845342706502636
4 0.65703125 0.7078207381370826 0.0828125 0.01845342706502636
4 0.5015625 0.976713532513181 0.6421875 0.015817223198594025
4 0.53515625 0.6164323374340949 0.30390625 0.025483304042179262
4 0.53828125 0.45518453427065025 0.33671875 0.02680140597539543
4 0.54765625 0.359402460456942 0.3609375 0.02592267135325132
3 0.2140625 0.3585237258347979 0.0421875 0.038224956063268895
3 0.2171875 0.45254833040421794 0.0484375 0.0320738137082601
3 0.21796875 0.6137961335676626 0.0578125 0.02592267135325132