2 0.0671875 0.07644991212653779 0.0421875 0.023725834797891036
4 0.39609375 0.10852372583479789 0.38125 0.029876977152899824
1 0.47265625 0.17135325131810195 0.51640625 0.029876977152899824
4 0.525 0.17091388400702986 0.39296875 0.022847100175746926
1 0.328125 0.24165202108963094 0.2296875 0.0320738137082601
4 0.3796875 0.24253075571177504 0.10234375 0.020650263620386643
1 0.39375 0.31195079086115995 0.3625 0.03163444639718805
4 0.44609375 0.31282952548330406 0.2375 0.02328646748681898
1 0.40078125 0.38181019332161686 0.37734375 0.03031634446397188
4 0.453125 0.38268892794376097 0.25546875 0.022847100175746926
4 0.50859375 0.46924428822495606 0.3796875 0.026362038664323375
4 0.54609375 0.437609841827768 0.43984375 0.021968365553602813
1 0.48984375 0.4538664323374341 0.5546875 0.06019332161687171
1 0.33046875 0.5241652021089631 0.23671875 0.03427065026362039
4 0.3828125 0.5254833040421792 0.1203125 0.025043936731107205
1 0.3390625 0.594463971880492 0.25546875 0.03427065026362039
4 0.39296875 0.5927065026362038 0.1453125 0.02460456942003515
1 0.42109375 0.6638840070298769 0.41484375 0.03251318101933216
4 0.4734375 0.664323374340949 0.29921875 0.02680140597539543
1 0.48828125 0.7328646748681898 0.55 0.029876977152899824
4 0.5453125 0.734182776801406 0.4359375 0.02460456942003515
1 0.3171875 0.8014059753954306 0.2078125 0.029876977152899824
4 0.37421875 0.8031634446397188 0.09375 0.020210896309314587
1 0.39765625 0.8717047451669596 0.36875 0.029876977152899824
4 0.4546875 0.8717047451669596 0.2546875 0.020210896309314587
4 0.57109375 0.9358523725834798 0.1265625 0.015817223198594025
4 0.74296875 0.9358523725834798 0.04375 0.015817223198594025