4 0.4984375 0.07644991212653779 0.3109375 0.020210896309314587
5 0.5015625 0.6985940246045694 0.353125 0.07644991212653779
5 0.4984375 0.5984182776801406 0.353125 0.07644991212653779
5 0.5015625 0.5 0.353125 0.07644991212653779
4 0.49921875 0.38400702987697716 0.61015625 0.0210896309314587
4 0.5 0.35764499121265375 0.58203125 0.0210896309314587
4 0.4984375 0.30799648506151145 0.4421875 0.021968365553602813
4 0.5015625 0.4086115992970123 0.3375 0.024165202108963092
4 0.54609375 0.4995606326889279 0.1640625 0.0351493848857645
4 0.5484375 0.601493848857645 0.234375 0.0421792618629174
4 0.503125 0.6990333919156415 0.325 0.03031634446397188
2 0.37265625 0.5997363796133568 0.07578125 0.04964850615114236
2 0.37265625 0.4982425307557118 0.05703125 0.05579964850615114