4 0.20546875 0.4428822495606327 0.29375 0.02899824253075571
4 0.45625 0.3471001757469244 0.834375 0.029876977152899824
4 0.4515625 0.3141476274165202 0.815625 0.030755711775043937
4 0.48671875 0.28031634446397186 0.86875 0.030755711775043937
4 0.47421875 0.24736379613356765 0.8328125 0.029876977152899824
4 0.46328125 0.2148506151142355 0.821875 0.03251318101933216
4 0.2875 0.04173989455184534 0.1234375 0.025483304042179262
4 0.49765625 0.8963093145869947 0.3921875 0.03427065026362039
4 0.4390625 0.12038664323374342 0.7703125 0.02899824253075571
4 0.4453125 0.08919156414762741 0.7828125 0.028119507908611598
5 0.490625 0.9630931458699473 0.796875 0.07381370826010544
3 0.221875 0.9639718804920914 0.2203125 0.07117750439367311
4 0.46953125 0.8374340949033392 0.8484375 0.03866432337434095
4 0.47890625 0.8031634446397188 0.8640625 0.028119507908611598
4 0.48203125 0.7710896309314587 0.859375 0.03251318101933216
4 0.47578125 0.7355008787346221 0.85 0.033391915641476276
4 0.4609375 0.703427065026362 0.828125 0.029876977152899824
4 0.46484375 0.6691564147627417 0.8421875 0.029876977152899824
4 0.45625 0.6362038664323374 0.81875 0.029876977152899824
4 0.459375 0.6028119507908611 0.803125 0.029876977152899824
4 0.42578125 0.5685413005272407 0.75 0.033391915641476276
4 0.459375 0.5347100175746925 0.809375 0.029876977152899824
4 0.47109375 0.5004393673110721 0.8359375 0.03427065026362039
3 0.79296875 0.9622144112478032 0.1921875 0.07381370826010544
2 0.9359375 0.8945518453427065 0.08125 0.05184534270650264
4 0.23515625 0.15421792618629174 0.3734375 0.03251318101933216
4 0.28828125 0.38224956063268895 0.4890625 0.02899824253075571