4 0.32734375 0.19200351493848858 0.1265625 0.020210896309314587
2 0.2234375 0.19200351493848858 0.0546875 0.03251318101933216
4 0.7765625 0.9125659050966608 0.0828125 0.01757469244288225
4 0.23359375 0.9125659050966608 0.10625 0.01845342706502636
4 0.7765625 0.8501757469244289 0.0859375 0.01757469244288225
4 0.25703125 0.8501757469244289 0.153125 0.01845342706502636
4 0.78984375 0.7860281195079086 0.0625 0.01757469244288225
4 0.2671875 0.7873462214411248 0.1765625 0.023725834797891036
4 0.79453125 0.7218804920913884 0.034375 0.01757469244288225
4 0.35078125 0.7236379613356766 0.3421875 0.023725834797891036
4 0.79453125 0.6577328646748682 0.034375 0.01757469244288225
4 0.2546875 0.6594903339191565 0.1484375 0.021968365553602813
4 0.7765625 0.593585237258348 0.0859375 0.01757469244288225
4 0.24453125 0.5953427065026362 0.1265625 0.023725834797891036
4 0.7765625 0.5298769771528998 0.0859375 0.01845342706502636
4 0.2515625 0.5298769771528998 0.1453125 0.020210896309314587
4 0.79765625 0.46572934973637964 0.0359375 0.015817223198594025
4 0.3375 0.46572934973637964 0.3171875 0.01845342706502636
4 0.7765625 0.4015817223198594 0.0828125 0.01845342706502636
4 0.24453125 0.4033391915641476 0.1265625 0.02460456942003515
4 0.7765625 0.3374340949033392 0.0859375 0.01845342706502636
4 0.246875 0.3374340949033392 0.1375 0.020210896309314587
4 0.78671875 0.273286467486819 0.059375 0.01757469244288225
4 0.290625 0.27636203866432335 0.2203125 0.02460456942003515
4 0.37890625 0.09666080843585237 0.4125 0.03163444639718805