4 0.325 0.109402460456942 0.23125 0.02460456942003515
1 0.340625 0.16739894551845344 0.2546875 0.03251318101933216
4 0.39765625 0.1687170474516696 0.1375 0.029876977152899824
1 0.37890625 0.2359402460456942 0.3328125 0.029876977152899824
4 0.43671875 0.2359402460456942 0.21875 0.021968365553602813
1 0.36875 0.30448154657293497 0.3109375 0.029876977152899824
4 0.42578125 0.3062390158172232 0.196875 0.021968365553602813
1 0.39765625 0.37829525483304044 0.371875 0.03251318101933216
4 0.45703125 0.37961335676625657 0.2546875 0.029876977152899824
1 0.34296875 0.44551845342706503 0.265625 0.029876977152899824
4 0.40234375 0.4468365553602812 0.1484375 0.023725834797891036
1 0.33515625 0.515817223198594 0.246875 0.029876977152899824
4 0.39453125 0.5171353251318102 0.1328125 0.023725834797891036
1 0.35859375 0.5874340949033392 0.290625 0.03251318101933216
4 0.415625 0.5905096660808435 0.1734375 0.028119507908611598
1 0.35859375 0.656414762741652 0.290625 0.029876977152899824
4 0.415625 0.6577328646748682 0.1765625 0.021968365553602813
1 0.3375 0.726713532513181 0.2515625 0.029876977152899824
4 0.39765625 0.726713532513181 0.134375 0.023725834797891036
1 0.35546875 0.7983304042179262 0.2890625 0.03251318101933216
4 0.415625 0.8000878734622144 0.171875 0.029876977152899824
1 0.37109375 0.867311072056239 0.31875 0.029876977152899824
4 0.43125 0.867311072056239 0.203125 0.023725834797891036
4 0.74296875 0.9358523725834798 0.05 0.01757469244288225
4 0.5609375 0.9358523725834798 0.1453125 0.015817223198594025