1 0.821875 0.17882249560632688 0.30625 0.06854130052724078
2 0.0671875 0.03998242530755712 0.0546875 0.04130052724077329
4 0.14375 0.18233743409490333 0.2484375 0.04305799648506151
4 0.1 0.5254833040421792 0.153125 0.029876977152899824
4 0.09609375 0.4929701230228471 0.1515625 0.029876977152899824
2 0.93203125 0.28866432337434095 0.06875 0.04130052724077329
2 0.93125 0.28822495606326887 0.04375 0.028119507908611598
4 0.24765625 0.6190685413005272 0.4546875 0.04305799648506151
4 0.24921875 0.3101933216168717 0.4609375 0.029876977152899824
4 0.1734375 0.27548330404217924 0.3109375 0.03690685413005272
1 0.88671875 0.39718804920913886 0.1984375 0.07293497363796134
1 0.87734375 0.6151142355008787 0.209375 0.070298769771529
4 0.24609375 0.03690685413005272 0.1703125 0.04569420035149385
1 0.93515625 0.03954305799648506 0.0734375 0.05272407732864675
4 0.29921875 0.40026362038664326 0.5703125 0.04481546572934974
2 0.92734375 0.5074692442882249 0.059375 0.03954305799648506