5 0.7015625 0.8295254833040422 0.3890625 0.05975395430579965
5 0.2984375 0.8233743409490334 0.3875 0.05975395430579965
4 0.40234375 0.7275922671353251 0.61640625 0.028119507908611598
4 0.4953125 0.6353251318101933 0.8015625 0.02592267135325132
4 0.4828125 0.6054481546572935 0.7703125 0.027240773286467488
4 0.4875 0.5746924428822495 0.77421875 0.025483304042179262
4 0.48203125 0.546572934973638 0.76953125 0.029437609841827767
4 0.48984375 0.5131810193321616 0.78828125 0.03031634446397188
3 0.4984375 0.38268892794376097 0.3171875 0.19068541300527242
4 0.44140625 0.2126537785588752 0.6546875 0.03163444639718805
4 0.2125 0.6665202108963093 0.2375 0.028558875219683654
4 0.27265625 0.7592267135325131 0.35078125 0.029437609841827767
7 0.70859375 0.8497363796133568 0.22890625 0.014938488576449912
4 0.3 0.8246924428822495 0.2125 0.025043936731107205
4 0.7 0.8233743409490334 0.24140625 0.02460456942003515