2 0.246875 0.23110720562390158 0.0703125 0.03251318101933216
4 0.43359375 0.23418277680140598 0.2578125 0.028119507908611598
4 0.3015625 0.29525483304042177 0.1875 0.015817223198594025
4 0.35078125 0.3326010544815466 0.24375 0.021968365553602813
1 0.7328125 0.3326010544815466 0.0234375 0.006151142355008787
4 0.33515625 0.37170474516695956 0.2546875 0.020210896309314587
2 0.26484375 0.4125659050966608 0.0625 0.04569420035149385
4 0.38671875 0.413884007029877 0.140625 0.021968365553602813
1 0.7328125 0.4125659050966608 0.0234375 0.006151142355008787
4 0.31953125 0.45782073813708263 0.2203125 0.01845342706502636
2 0.25703125 0.492091388400703 0.05 0.02460456942003515
4 0.36640625 0.492091388400703 0.134375 0.021968365553602813
1 0.7328125 0.4938488576449912 0.0234375 0.006151142355008787
4 0.340625 0.5452548330404218 0.259375 0.020210896309314587
1 0.340625 0.5795254833040422 0.2390625 0.03163444639718805
1 0.63125 0.5782073813708261 0.2390625 0.029876977152899824
4 0.66484375 0.5812829525483304 0.1734375 0.021968365553602813
4 0.37421875 0.5812829525483304 0.171875 0.020210896309314587
5 0.50390625 0.6625659050966608 0.5171875 0.05799648506151142
4 0.45703125 0.710896309314587 0.4546875 0.01845342706502636
4 0.57109375 0.7763620386643234 0.1265625 0.015817223198594025
4 0.74296875 0.7763620386643234 0.04375 0.014059753954305799
4 0.50546875 0.6621265377855887 0.47265625 0.020650263620386643