4 0.21796875 0.4094903339191564 0.1484375 0.01757469244288225
4 0.18984375 0.3326010544815466 0.08125 0.01757469244288225
2 0.0984375 0.4094903339191564 0.034375 0.026362038664323375
2 0.1015625 0.3326010544815466 0.0359375 0.01845342706502636
5 0.24921875 0.19551845342706503 0.4984375 0.06590509666080843
5 0.75078125 0.19551845342706503 0.4984375 0.06590509666080843
2 0.05703125 0.070298769771529 0.0421875 0.023725834797891036
4 0.80234375 0.4811072056239016 0.2703125 0.020210896309314587
4 0.5015625 0.8141476274165202 0.1484375 0.01845342706502636
5 0.5015625 0.5751318101933216 0.878125 0.0641476274165202
5 0.28046875 0.8782952548330404 0.4390625 0.06239015817223199
5 0.71953125 0.8782952548330404 0.4390625 0.06239015817223199
4 0.50078125 0.5764499121265377 0.146875 0.025483304042179262
4 0.7515625 0.1977152899824253 0.1921875 0.028119507908611598
4 0.25078125 0.1977152899824253 0.14296875 0.024165202108963092