2 0.0671875 0.07644991212653779 0.0421875 0.023725834797891036
4 0.23671875 0.07952548330404217 0.1171875 0.028119507908611598
3 0.4984375 0.3062390158172232 0.265625 0.14235500878734622
4 0.4984375 0.4266256590509666 0.23125 0.015817223198594025
4 0.4984375 0.47363796133567665 0.1734375 0.023725834797891036
5 0.4984375 0.5579964850615114 0.784375 0.070298769771529
5 0.4984375 0.6625659050966608 0.784375 0.070298769771529
5 0.4984375 0.7688927943760984 0.7875 0.07205623901581722
5 0.4984375 0.875219683655536 0.784375 0.070298769771529
4 0.53046875 0.5579964850615114 0.10390625 0.025483304042179262
4 0.5296875 0.6638840070298769 0.128125 0.02460456942003515
4 0.49921875 0.7702108963093146 0.1578125 0.021528998242530756
4 0.5296875 0.8760984182776801 0.159375 0.023725834797891036
2 0.16171875 0.8760984182776801 0.04140625 0.027240773286467488
2 0.14453125 0.7680140597539543 0.040625 0.023725834797891036
2 0.16171875 0.663444639718805 0.053125 0.03251318101933216
2 0.159375 0.5566783831282952 0.05234375 0.02460456942003515