4 0.31171875 0.140597539543058 0.1734375 0.01845342706502636
2 0.1171875 0.140597539543058 0.15625 0.09402460456942004
4 0.2234375 0.3233743409490334 0.0984375 0.01845342706502636
4 0.290625 0.3954305799648506 0.228125 0.01845342706502636
4 0.2625 0.468804920913884 0.1734375 0.01845342706502636
4 0.2625 0.539103690685413 0.1765625 0.01845342706502636
4 0.23671875 0.6124780316344464 0.125 0.021968365553602813
2 0.0671875 0.6107205623901582 0.0578125 0.03427065026362039
2 0.0671875 0.539103690685413 0.059375 0.03427065026362039
2 0.0671875 0.46704745166959577 0.0625 0.029876977152899824
2 0.0671875 0.3954305799648506 0.0578125 0.03427065026362039
2 0.0671875 0.3233743409490334 0.0546875 0.029876977152899824
5 0.5140625 0.22495606326889278 0.334375 0.05272407732864675