4 0.340625 0.07644991212653779 0.3875 0.023725834797891036
4 0.1171875 0.15333919156414763 0.23125 0.01845342706502636
4 0.37109375 0.1515817223198594 0.15625 0.01845342706502636
4 0.6515625 0.1515817223198594 0.2859375 0.01845342706502636
4 0.909375 0.1515817223198594 0.0890625 0.01845342706502636
2 0.9453125 0.07644991212653779 0.015625 0.026362038664323375
2 0.06484375 0.07644991212653779 0.0421875 0.026362038664323375
2 0.06484375 0.22978910369068542 0.059375 0.040421792618629174
2 0.06484375 0.320298769771529 0.075 0.04569420035149385
2 0.06484375 0.4077328646748682 0.0671875 0.043936731107205626
2 0.06484375 0.4951669595782074 0.05 0.03427065026362039
2 0.06484375 0.5843585237258347 0.0671875 0.04569420035149385
2 0.06484375 0.6717926186291739 0.0703125 0.043936731107205626
2 0.06484375 0.7592267135325131 0.0671875 0.040421792618629174
2 0.06484375 0.8466608084358523 0.075 0.043936731107205626
2 0.06484375 0.9345342706502636 0.075 0.043936731107205626
4 0.25703125 0.937609841827768 0.2125 0.020210896309314587
4 0.24140625 0.8501757469244289 0.1796875 0.021968365553602813
4 0.22578125 0.7592267135325131 0.1484375 0.01845342706502636
4 0.22890625 0.6735500878734623 0.15625 0.021968365553602813
4 0.21796875 0.5861159929701231 0.134375 0.021968365553602813
4 0.2234375 0.4969244288224956 0.1484375 0.01845342706502636
4 0.21328125 0.4108084358523726 0.1265625 0.021968365553602813
4 0.278125 0.3233743409490334 0.2578125 0.021968365553602813
4 0.24609375 0.23330404217926187 0.19609375 0.01977152899824253