3 0.09375 0.07820738137082602 0.078125 0.04569420035149385
4 0.23671875 0.13576449912126537 0.396875 0.02460456942003515
4 0.1484375 0.171792618629174 0.2203125 0.01845342706502636
4 0.31953125 0.2530755711775044 0.296875 0.021968365553602813
4 0.36328125 0.3233743409490334 0.38125 0.021968365553602813
4 0.36875 0.3936731107205624 0.3875 0.021968365553602813
4 0.3296875 0.46397188049209137 0.309375 0.021968365553602813
4 0.1484375 0.54701230228471 0.21875 0.01757469244288225
4 0.39765625 0.6186291739894552 0.44375 0.020210896309314587
4 0.28828125 0.687609841827768 0.228125 0.01845342706502636
4 0.2984375 0.757908611599297 0.24375 0.021968365553602813
4 0.15078125 0.8422671353251318 0.2234375 0.021968365553602813
4 0.275 0.9125659050966608 0.196875 0.021968365553602813
4 0.27265625 0.9828646748681898 0.1953125 0.021968365553602813
2 0.0671875 0.9797891036906854 0.046875 0.026362038664323375
2 0.0671875 0.9094903339191565 0.05 0.029876977152899824
2 0.0671875 0.7561511423550088 0.04375 0.029876977152899824
2 0.0671875 0.6858523725834798 0.05 0.029876977152899824
2 0.0703125 0.6155536028119508 0.05 0.026362038664323375
2 0.0671875 0.46089630931458697 0.04375 0.021968365553602813
2 0.0671875 0.39235500878734625 0.046875 0.026362038664323375
2 0.0703125 0.320298769771529 0.04375 0.021968365553602813
2 0.0671875 0.2517574692442882 0.05 0.02460456942003515