5 0.4984375 0.843585237258348 0.8359375 0.05008787346221441
5 0.28046875 0.929701230228471 0.415625 0.05184534270650264
5 0.71953125 0.929701230228471 0.415625 0.05184534270650264
4 0.4984375 0.06546572934973638 0.459375 0.015817223198594025
4 0.49375 0.6502636203866432 0.375 0.025483304042179262
4 0.49609375 0.6195079086115993 0.36953125 0.025483304042179262
3 0.4984375 0.3844463971880492 0.4390625 0.28295254833040423
5 0.50078125 0.3927943760984183 0.31015625 0.0492091388400703
4 0.50234375 0.39323374340949035 0.25625 0.028119507908611598
4 0.49609375 0.8457820738137083 0.13671875 0.0210896309314587
4 0.2796875 0.9318980667838312 0.12109375 0.02240773286467487
4 0.71953125 0.9305799648506151 0.25625 0.023725834797891036