4 0.39453125 0.10764499121265378 0.5421875 0.028119507908611598
1 0.30625 0.171792618629174 0.35625 0.029876977152899824
4 0.3609375 0.1735500878734622 0.24375 0.02460456942003515
1 0.2671875 0.24077328646748683 0.28125 0.026362038664323375
4 0.325 0.24077328646748683 0.165625 0.01845342706502636
1 0.353125 0.3110720562390158 0.45 0.029876977152899824
4 0.41015625 0.3141476274165202 0.334375 0.02460456942003515
1 0.3609375 0.38268892794376097 0.4671875 0.029876977152899824
4 0.41796875 0.3844463971880492 0.35625 0.026362038664323375
1 0.28046875 0.45166959578207383 0.30625 0.026362038664323375
4 0.3375 0.45166959578207383 0.1921875 0.020210896309314587
1 0.30390625 0.5219683655536028 0.3484375 0.029876977152899824
4 0.35859375 0.5250439367311072 0.2359375 0.02460456942003515
1 0.28828125 0.5922671353251318 0.3171875 0.026362038664323375
4 0.3453125 0.5922671353251318 0.2046875 0.020210896309314587
1 0.29375 0.6608084358523726 0.3328125 0.026362038664323375
4 0.35078125 0.6625659050966608 0.21875 0.020210896309314587
1 0.33515625 0.7328646748681898 0.4125 0.029876977152899824
4 0.3921875 0.734182776801406 0.2984375 0.026362038664323375
1 0.37109375 0.8031634446397188 0.4828125 0.026362038664323375
4 0.42578125 0.8031634446397188 0.36875 0.020210896309314587
1 0.30625 0.8717047451669596 0.353125 0.026362038664323375
4 0.3609375 0.8734622144112478 0.2421875 0.020210896309314587
4 0.82890625 0.9358523725834798 0.0421875 0.015817223198594025
4 0.65703125 0.9358523725834798 0.1265625 0.014059753954305799