1 0.921875 0.8936731107205624 0.046875 0.028119507908611598
4 0.42421875 0.8993848857644992 0.77734375 0.02328646748681898
4 0.20625 0.8712653778558875 0.33671875 0.023725834797891036
4 0.26640625 0.7913005272407733 0.46171875 0.02680140597539543
4 0.33984375 0.711335676625659 0.60703125 0.02592267135325132
4 0.23125 0.6300527240773286 0.3875 0.025483304042179262
1 0.921875 0.5202108963093146 0.046875 0.028119507908611598
4 0.3984375 0.5272407732864675 0.73203125 0.021528998242530756
4 0.17578125 0.4973637961335677 0.2796875 0.02240773286467487
4 0.09453125 0.4187170474516696 0.11875 0.01757469244288225
4 0.09921875 0.390597539543058 0.13203125 0.024165202108963092
4 0.225 0.3347978910369069 0.37421875 0.02240773286467487
1 0.921875 0.24077328646748683 0.046875 0.028119507908611598
4 0.23671875 0.26054481546572933 0.415625 0.023725834797891036
4 0.1828125 0.23110720562390158 0.29609375 0.021968365553602813
4 0.44140625 0.1515817223198594 0.81328125 0.020210896309314587
4 0.1703125 0.12302284710017575 0.26796875 0.01977152899824253
4 0.17109375 0.07776801405975395 0.26796875 0.03031634446397188
4 0.2171875 0.5531634446397188 0.3625 0.025043936731107205
4 0.08984375 0.9239894551845342 0.10390625 0.022847100175746926
7 0.0765625 0.9934094903339191 0.1 0.012741652021089631