2 0.0671875 0.29833040421792617 0.034375 0.029876977152899824
4 0.259375 0.14982425307557118 0.4109375 0.06678383128295255
4 0.3328125 0.29833040421792617 0.3140625 0.015817223198594025
4 0.22109375 0.3936731107205624 0.0890625 0.015817223198594025
4 0.21015625 0.46704745166959577 0.065625 0.01845342706502636
4 0.24453125 0.5342706502636204 0.1328125 0.015817223198594025
4 0.31171875 0.6063268892794376 0.2703125 0.020210896309314587
4 0.246875 0.6748681898066784 0.1375 0.015817223198594025
4 0.275 0.7469244288224957 0.2 0.020210896309314587
4 0.246875 0.8172231985940246 0.1375 0.020210896309314587
4 0.3296875 0.8875219683655536 0.30625 0.020210896309314587
4 0.28828125 0.9811072056239016 0.2203125 0.015817223198594025
5 0.59765625 0.8141476274165202 0.0828125 0.03251318101933216
5 0.59765625 0.7438488576449912 0.0828125 0.03251318101933216
2 0.0671875 0.9780316344463972 0.0546875 0.029876977152899824
2 0.0671875 0.8844463971880492 0.0515625 0.026362038664323375
2 0.0671875 0.8141476274165202 0.05 0.023725834797891036
2 0.0703125 0.7451669595782073 0.0421875 0.028119507908611598
2 0.0671875 0.6735500878734623 0.05 0.028119507908611598
2 0.0671875 0.6045694200351494 0.04375 0.021968365553602813
2 0.0671875 0.5342706502636204 0.046875 0.02460456942003515
2 0.0671875 0.46397188049209137 0.046875 0.026362038664323375
2 0.0671875 0.3936731107205624 0.04375 0.026362038664323375