2 0.940625 0.07644991212653779 0.04375 0.020210896309314587
4 0.35859375 0.07820738137082602 0.3640625 0.021968365553602813
2 0.0671875 0.07644991212653779 0.0390625 0.02460456942003515
2 0.26484375 0.6920035149384886 0.109375 0.06590509666080843
2 0.26484375 0.5984182776801406 0.103125 0.06063268892794376
2 0.2671875 0.5017574692442882 0.10625 0.06063268892794376
2 0.2671875 0.4108084358523726 0.1109375 0.06590509666080843
4 0.4 0.6920035149384886 0.109375 0.01845342706502636
4 0.41796875 0.601493848857645 0.15 0.021968365553602813
4 0.42890625 0.507908611599297 0.1640625 0.021968365553602813
4 0.40546875 0.413884007029877 0.121875 0.021968365553602813
4 0.41796875 0.3405096660808436 0.4125 0.023725834797891036