4 0.17890625 0.2451669595782074 0.2671875 0.020210896309314587
5 0.80546875 0.28734622144112476 0.1921875 0.07205623901581722
2 0.940625 0.07644991212653779 0.0671875 0.03866432337434095
2 0.121875 0.14982425307557118 0.1640625 0.0984182776801406
2 0.57109375 0.2438488576449912 0.0359375 0.021968365553602813
2 0.07265625 0.3391915641476274 0.046875 0.01757469244288225
4 0.1765625 0.3405096660808436 0.1140625 0.020210896309314587
4 0.18203125 0.406414762741652 0.125 0.020210896309314587
4 0.19453125 0.47363796133567665 0.1578125 0.02460456942003515
4 0.3453125 0.5298769771528998 0.2109375 0.023725834797891036
4 0.1609375 0.593585237258348 0.0859375 0.026362038664323375
4 0.24140625 0.656414762741652 0.25 0.023725834797891036
4 0.259375 0.7218804920913884 0.2859375 0.026362038664323375
2 0.07265625 0.718804920913884 0.0390625 0.023725834797891036
2 0.07265625 0.6546572934973638 0.04375 0.026362038664323375
2 0.07265625 0.5905096660808435 0.0421875 0.02460456942003515
2 0.07265625 0.468804920913884 0.0390625 0.023725834797891036
2 0.07265625 0.4033391915641476 0.0359375 0.021968365553602813
1 0.5578125 0.5303163444639719 0.0890625 0.03734622144112478