2 0.11171875 0.11072056239015818 0.1484375 0.08875219683655536
4 0.16328125 0.1968365553602812 0.228125 0.023725834797891036
4 0.2625 0.23286467486818982 0.428125 0.02460456942003515
4 0.23359375 0.3185413005272408 0.1140625 0.02460456942003515
4 0.23359375 0.38576449912126537 0.1109375 0.01845342706502636
4 0.21796875 0.45957820738137084 0.0890625 0.023725834797891036
4 0.22890625 0.5263620386643234 0.10625 0.01845342706502636
4 0.2703125 0.6217047451669596 0.1875 0.01845342706502636
4 0.29609375 0.695518453427065 0.2359375 0.023725834797891036
4 0.2515625 0.7623022847100176 0.15 0.01845342706502636
4 0.259375 0.8576449912126538 0.171875 0.01845342706502636
4 0.2625 0.9279437609841827 0.171875 0.020210896309314587
7 0.29375 0.9938488576449912 0.23125 0.01054481546572935
2 0.0671875 0.9938488576449912 0.0359375 0.012302284710017574
2 0.0703125 0.9275043936731108 0.0421875 0.020210896309314587
2 0.0671875 0.8576449912126538 0.0265625 0.020210896309314587
2 0.0671875 0.7609841827768014 0.0421875 0.02460456942003515
2 0.0671875 0.6920035149384886 0.04375 0.023725834797891036
2 0.0671875 0.6217047451669596 0.034375 0.021968365553602813
2 0.0671875 0.5263620386643234 0.034375 0.029876977152899824
2 0.0671875 0.45606326889279436 0.0359375 0.01757469244288225
2 0.0671875 0.38576449912126537 0.028125 0.021968365553602813
2 0.0671875 0.3154657293497364 0.034375 0.020210896309314587