2 0.6234375 0.070298769771529 0.0546875 0.03251318101933216
2 0.37421875 0.070298769771529 0.0546875 0.03251318101933216
3 0.125 0.070298769771529 0.0546875 0.03251318101933216
4 0.43359375 0.4033391915641476 0.234375 0.020210896309314587
4 0.384375 0.47363796133567665 0.1296875 0.01845342706502636
4 0.43125 0.54701230228471 0.23125 0.023725834797891036
4 0.3609375 0.6155536028119508 0.0890625 0.01845342706502636
4 0.521875 0.6845342706502636 0.4109375 0.020210896309314587
2 0.2390625 0.6845342706502636 0.0734375 0.043936731107205626
2 0.2390625 0.6142355008787346 0.0734375 0.043936731107205626
2 0.2390625 0.5439367311072056 0.0734375 0.043936731107205626
2 0.2390625 0.47363796133567665 0.075 0.043936731107205626
2 0.2390625 0.4015817223198594 0.0359375 0.043936731107205626
4 0.37890625 0.3295254833040422 0.3609375 0.026362038664323375