3 0.1484375 0.07513181019332162 0.2265625 0.043936731107205626
4 0.2515625 0.1625659050966608 0.1578125 0.023725834797891036
4 0.2546875 0.23110720562390158 0.1609375 0.01845342706502636
4 0.25703125 0.3031634446397188 0.165625 0.021968365553602813
4 0.24140625 0.37346221441124783 0.134375 0.021968365553602813
4 0.23671875 0.468804920913884 0.125 0.021968365553602813
4 0.3140625 0.539103690685413 0.275 0.021968365553602813
4 0.27265625 0.609402460456942 0.1921875 0.021968365553602813
4 0.22890625 0.7047451669595782 0.103125 0.021968365553602813
2 0.0671875 0.7016695957820738 0.0546875 0.03427065026362039
2 0.0671875 0.6063268892794376 0.046875 0.03427065026362039
2 0.0671875 0.5360281195079086 0.05 0.029876977152899824
2 0.0671875 0.46704745166959577 0.0515625 0.03163444639718805
2 0.0671875 0.37170474516695956 0.05 0.029876977152899824
2 0.0671875 0.30140597539543057 0.0578125 0.021968365553602813
2 0.0671875 0.23110720562390158 0.0359375 0.03163444639718805
2 0.0671875 0.1608084358523726 0.05 0.03163444639718805