4 0.6625 0.054481546572934976 0.0828125 0.01757469244288225
2 0.0984375 0.12521968365553604 0.059375 0.037785588752196834
4 0.3328125 0.1265377855887522 0.3296875 0.020210896309314587
2 0.0984375 0.2157293497363796 0.059375 0.03427065026362039
4 0.33515625 0.218804920913884 0.340625 0.023725834797891036
2 0.0984375 0.30448154657293497 0.0546875 0.037785588752196834
4 0.2671875 0.30448154657293497 0.203125 0.020210896309314587
2 0.09609375 0.3936731107205624 0.059375 0.03427065026362039
4 0.278125 0.3936731107205624 0.21875 0.020210896309314587
1 0.21015625 0.9547451669595782 0.3640625 0.028119507908611598
4 0.2546875 0.9578207381370826 0.278125 0.021968365553602813