3 0.3375 0.9595782073813708 0.6625 0.06678383128295255
3 0.18203125 0.06854130052724078 0.153125 0.056239015817223195
3 0.446875 0.07820738137082602 0.3265625 0.06239015817223199
2 0.05703125 0.07513181019332162 0.059375 0.03602811950790861
2 0.06484375 0.1625659050966608 0.0359375 0.03602811950790861
2 0.0671875 0.23110720562390158 0.0359375 0.028119507908611598
2 0.06484375 0.3031634446397188 0.05 0.029876977152899824
2 0.06484375 0.46704745166959577 0.04375 0.029876977152899824
2 0.06484375 0.5373462214411248 0.03125 0.03602811950790861
2 0.0671875 0.6063268892794376 0.05 0.029876977152899824
4 0.259375 0.6076449912126538 0.16875 0.021968365553602813
4 0.325 0.5373462214411248 0.2984375 0.023725834797891036
4 0.23671875 0.47012302284710017 0.121875 0.028119507908611598
4 0.1015625 0.3967486818980668 0.1265625 0.01757469244288225
4 0.30390625 0.3031634446397188 0.265625 0.02460456942003515
4 0.31953125 0.23286467486818982 0.29375 0.021968365553602813
4 0.31171875 0.1625659050966608 0.28125 0.023725834797891036
1 0.571875 0.30579964850615116 0.0859375 0.03646748681898067