4 0.121875 0.19551845342706503 0.1640625 0.01845342706502636
3 0.09609375 0.12038664323374342 0.1171875 0.070298769771529
2 0.0671875 0.281195079086116 0.04375 0.029876977152899824
2 0.0671875 0.3501757469244288 0.046875 0.028119507908611598
2 0.0671875 0.4204745166959578 0.0546875 0.028119507908611598
2 0.0671875 0.515817223198594 0.034375 0.02460456942003515
2 0.0671875 0.5861159929701231 0.04375 0.028119507908611598
2 0.20546875 0.9657293497363796 0.034375 0.01845342706502636
4 0.32734375 0.9670474516695958 0.1890625 0.01757469244288225
4 0.10390625 0.9657293497363796 0.1328125 0.014059753954305799
4 0.325 0.5891915641476274 0.2984375 0.02460456942003515
4 0.37890625 0.5188927943760984 0.403125 0.02460456942003515
4 0.25703125 0.4235500878734622 0.1640625 0.021968365553602813
4 0.2859375 0.3532513181019332 0.21875 0.023725834797891036
4 0.3375 0.281195079086116 0.321875 0.020210896309314587