2 0.0671875 0.070298769771529 0.0671875 0.040421792618629174
4 0.19765625 0.07337434094903339 0.15625 0.02460456942003515
4 0.23359375 0.140597539543058 0.35 0.02460456942003515
4 0.4828125 0.171792618629174 0.85 0.01845342706502636
4 0.3484375 0.2702108963093146 0.4859375 0.03163444639718805
1 0.490625 0.3545694200351494 0.7734375 0.028119507908611598
4 0.2390625 0.3545694200351494 0.2671875 0.026362038664323375
1 0.49375 0.4235500878734622 0.771875 0.02460456942003515
4 0.17109375 0.4235500878734622 0.1296875 0.01845342706502636
1 0.490625 0.4938488576449912 0.7734375 0.02460456942003515
4 0.17109375 0.4951669595782074 0.1328125 0.020210896309314587
1 0.490625 0.5672231985940246 0.7765625 0.028119507908611598
4 0.275 0.5672231985940246 0.3453125 0.026362038664323375
1 0.490625 0.6357644991212654 0.7734375 0.02460456942003515
4 0.17109375 0.6375219683655536 0.1328125 0.020210896309314587
1 0.490625 0.7095782073813708 0.7734375 0.028119507908611598
4 0.23671875 0.7095782073813708 0.265625 0.026362038664323375
5 0.4984375 0.7763620386643234 0.8703125 0.06854130052724078
4 0.49921875 0.7803163444639719 0.1171875 0.021528998242530756