5 0.4984375 0.4015817223198594 0.7296875 0.07644991212653779
5 0.5015625 0.2592267135325132 0.7296875 0.07644991212653779
5 0.4984375 0.5404217926186292 0.7296875 0.07644991212653779
2 0.8078125 0.6313708260105448 0.0203125 0.012302284710017574
2 0.81015625 0.6906854130052724 0.0203125 0.014059753954305799
2 0.81015625 0.7517574692442882 0.0203125 0.014059753954305799
4 0.2546875 0.8031634446397188 0.1875 0.014059753954305799
4 0.26484375 0.7517574692442882 0.2125 0.01757469244288225
4 0.27265625 0.6937609841827768 0.2203125 0.020210896309314587
4 0.19765625 0.6344463971880492 0.0703125 0.020210896309314587
4 0.5015625 0.4718804920913884 0.0515625 0.01845342706502636
4 0.5015625 0.3312829525483304 0.0515625 0.01757469244288225
4 0.50234375 0.40202108963093147 0.13515625 0.02680140597539543
4 0.5 0.26362038664323373 0.3109375 0.027240773286467488
4 0.52265625 0.5417398945518453 0.209375 0.02460456942003515