2 0.2078125 0.19551845342706503 0.0234375 0.01757469244288225
4 0.31953125 0.11731107205623902 0.309375 0.040421792618629174
3 0.09375 0.11072056239015818 0.1109375 0.05272407732864675
4 0.09609375 0.19859402460456943 0.1484375 0.029876977152899824
2 0.0859375 0.28427065026362036 0.0546875 0.029876977152899824
2 0.0859375 0.36731107205623903 0.0625 0.03866432337434095
2 0.0859375 0.44991212653778556 0.0546875 0.03427065026362039
2 0.059375 0.75 0.0421875 0.020210896309314587
4 0.1171875 0.8079964850615114 0.1890625 0.01757469244288225
4 0.1453125 0.7517574692442882 0.11875 0.01757469244288225
4 0.1765625 0.6968365553602812 0.278125 0.023725834797891036
4 0.1140625 0.617311072056239 0.15 0.028119507908611598
4 0.0859375 0.5360281195079086 0.09375 0.028119507908611598
4 0.215625 0.45166959578207383 0.0890625 0.021968365553602813
4 0.259375 0.36862917398945516 0.1765625 0.021968365553602813
4 0.2234375 0.28910369068541303 0.10625 0.029876977152899824