2 0.9453125 0.07644991212653779 0.0125 0.02460456942003515
3 0.38984375 0.1282952548330404 0.2125 0.1282952548330404
2 0.0671875 0.28602811950790863 0.046875 0.026362038664323375
2 0.0671875 0.3563268892794376 0.04375 0.02460456942003515
2 0.0671875 0.4266256590509666 0.046875 0.021968365553602813
2 0.0671875 0.4969244288224956 0.0265625 0.028119507908611598
2 0.0671875 0.5672231985940246 0.04375 0.01845342706502636
2 0.0671875 0.6375219683655536 0.04375 0.023725834797891036
2 0.0671875 0.7078207381370826 0.04375 0.023725834797891036
4 0.2546875 0.7078207381370826 0.1578125 0.01757469244288225
4 0.259375 0.640597539543058 0.16875 0.020210896309314587
4 0.22890625 0.570298769771529 0.103125 0.020210896309314587
4 0.24921875 0.4969244288224956 0.1484375 0.01757469244288225
4 0.24453125 0.429701230228471 0.134375 0.020210896309314587
4 0.24453125 0.35764499121265375 0.134375 0.01757469244288225
4 0.24921875 0.28734622144112476 0.1484375 0.01757469244288225