3 0.4984375 0.3484182776801406 0.3296875 0.20035149384885764
4 0.5015625 0.6687170474516696 0.5328125 0.040421792618629174
4 0.5015625 0.7060632688927944 0.690625 0.01845342706502636
4 0.4984375 0.9578207381370826 0.4546875 0.01845342706502636
5 0.4984375 0.8264499121265377 0.8046875 0.05272407732864675
5 0.4984375 0.890597539543058 0.8046875 0.05272407732864675
2 0.9328125 0.07644991212653779 0.0359375 0.021968365553602813
4 0.50234375 0.827768014059754 0.384375 0.0210896309314587
4 0.5 0.8927943760984183 0.32265625 0.01845342706502636
2 0.14140625 0.8273286467486819 0.0421875 0.03866432337434095
2 0.1484375 0.8910369068541301 0.06796875 0.03251318101933216