4 0.37890625 0.6282952548330404 0.303125 0.01757469244288225
4 0.3921875 0.5140597539543058 0.3375 0.01845342706502636
2 0.925 0.9578207381370826 0.0203125 0.01757469244288225
2 0.075 0.9595782073813708 0.03125 0.01757469244288225
4 0.5015625 0.8967486818980668 0.603125 0.01757469244288225
4 0.6671875 0.757908611599297 0.1265625 0.015817223198594025
4 0.43359375 0.757908611599297 0.1265625 0.015817223198594025
4 0.290625 0.586555360281195 0.13671875 0.014938488576449912
4 0.3171875 0.47144112478031636 0.1875 0.017135325131810195
4 0.5015625 0.437609841827768 0.0265625 0.009666080843585237
5 0.4984375 0.36862917398945516 0.55 0.05184534270650264
5 0.4984375 0.27987697715289983 0.5484375 0.05272407732864675
4 0.5015625 0.28075571177504394 0.30546875 0.01757469244288225
4 0.50390625 0.36994727592267135 0.2703125 0.020210896309314587
4 0.25703125 0.28075571177504394 0.03671875 0.028119507908611598
2 0.25625 0.36994727592267135 0.0453125 0.02899824253075571