2 0.1359375 0.7469244288224957 0.2203125 0.10984182776801406
2 0.1328125 0.45694200351493847 0.2265625 0.09929701230228472
2 0.12734375 0.29876977152899825 0.2265625 0.09578207381370826
2 0.13515625 0.6006151142355008 0.2203125 0.1054481546572935
2 0.1296875 0.8835676625659051 0.215625 0.08347978910369068
3 0.30078125 0.7855887521968365 0.0453125 0.030755711775043937
2 0.190625 0.9652899824253075 0.0828125 0.05536028119507909
3 0.3015625 0.6375219683655536 0.04375 0.029876977152899824
3 0.2984375 0.3378734622144112 0.0484375 0.02899824253075571
4 0.30234375 0.4868189806678383 0.0390625 0.029876977152899824
3 0.30078125 0.19068541300527242 0.0421875 0.02899824253075571
4 0.6078125 0.56195079086116 0.7 0.029876977152899824
2 0.796875 0.9630931458699473 0.06875 0.05711775043936731
4 0.65859375 0.7978910369068541 0.6546875 0.028119507908611598
4 0.6078125 0.7719683655536028 0.55 0.02460456942003515
4 0.65 0.6493848857644992 0.634375 0.026362038664323375
4 0.63046875 0.6230228471001757 0.5953125 0.025483304042179262
4 0.5390625 0.8923550087873462 0.5671875 0.02460456942003515
4 0.48046875 0.8602811950790861 0.45 0.03427065026362039
4 0.65546875 0.3523725834797891 0.64375 0.025483304042179262
4 0.590625 0.3251318101933216 0.5125 0.02460456942003515
4 0.65625 0.20430579964850615 0.65 0.026362038664323375
4 0.63046875 0.17838312829525482 0.6 0.02460456942003515
4 0.47109375 0.14982425307557118 0.4375 0.026362038664323375
4 0.65390625 0.5013181019332161 0.6453125 0.028119507908611598
4 0.6484375 0.4758347978910369 0.634375 0.022847100175746926
4 0.58125 0.7095782073813708 0.65625 0.0351493848857645
2 0.134375 0.15333919156414763 0.2234375 0.0852372583479789
4 0.596875 0.11423550087873462 0.6703125 0.03866432337434095
4 0.50390625 0.29657293497363796 0.5015625 0.02460456942003515
4 0.5015625 0.2640597539543058 0.4875 0.03163444639718805
4 0.47109375 0.4130052724077329 0.43125 0.03251318101933216
4 0.41953125 0.44639718804920914 0.315625 0.022847100175746926
4 0.446875 0.594463971880492 0.36875 0.025483304042179262
4 0.40625 0.7442882249560633 0.29375 0.026362038664323375
2 0.96328125 0.6999121265377856 0.04375 0.025483304042179262
2 0.965625 0.8497363796133568 0.04375 0.026362038664323375
4 0.3328125 0.04130052724077329 0.39375 0.03866432337434095
2 0.06875 0.03954305799648506 0.0703125 0.03163444639718805
2 0.82890625 0.03734622144112478 0.0703125 0.03866432337434095
2 0.9375 0.03910369068541301 0.065625 0.030755711775043937
2 0.96171875 0.2539543057996485 0.04375 0.026362038664323375
2 0.9640625 0.10456942003514938 0.0484375 0.025483304042179262
2 0.96484375 0.40026362038664326 0.046875 0.02899824253075571