3 0.36328125 0.1594903339191564 0.31875 0.19068541300527242
2 0.0703125 0.3154657293497364 0.075 0.037785588752196834
2 0.0703125 0.3875219683655536 0.0671875 0.03866432337434095
2 0.07265625 0.45957820738137084 0.0703125 0.037785588752196834
2 0.075 0.5298769771528998 0.0703125 0.03602811950790861
2 0.075 0.6001757469244289 0.0703125 0.037785588752196834
2 0.07265625 0.6717926186291739 0.065625 0.03866432337434095
2 0.69609375 0.6704745166959578 0.0203125 0.021968365553602813
4 0.19453125 0.6735500878734623 0.1015625 0.021968365553602813
4 0.21328125 0.601493848857645 0.134375 0.023725834797891036
4 0.23359375 0.531195079086116 0.1796875 0.023725834797891036
5 0.6546875 0.6001757469244289 0.1484375 0.03602811950790861
4 0.2984375 0.46089630931458697 0.30625 0.028119507908611598
4 0.21328125 0.38927943760984185 0.134375 0.021968365553602813
4 0.24140625 0.320298769771529 0.1953125 0.029876977152899824
4 0.2546875 0.9780316344463972 0.4390625 0.01845342706502636