4 0.3453125 0.1063268892794376 0.21875 0.021968365553602813
4 0.4234375 0.13927943760984182 0.3796875 0.023725834797891036
4 0.24921875 0.2451669595782074 0.1484375 0.020210896309314587
4 0.3296875 0.3264499121265378 0.30625 0.02460456942003515
4 0.3015625 0.3545694200351494 0.2578125 0.01845342706502636
4 0.2390625 0.4077328646748682 0.121875 0.020210896309314587
4 0.30390625 0.437609841827768 0.2578125 0.01845342706502636
4 0.215625 0.5171353251318102 0.078125 0.02460456942003515
4 0.278125 0.5966608084358523 0.2046875 0.020210896309314587
4 0.27265625 0.679701230228471 0.1953125 0.01845342706502636
2 0.0671875 0.6779437609841827 0.05 0.03163444639718805
2 0.0671875 0.5966608084358523 0.05 0.029876977152899824
2 0.0671875 0.5140597539543058 0.05 0.029876977152899824
2 0.0671875 0.4204745166959578 0.05 0.028119507908611598
2 0.0671875 0.3391915641476274 0.05 0.029876977152899824
2 0.0671875 0.2438488576449912 0.046875 0.028119507908611598
2 0.1171875 0.11862917398945519 0.1578125 0.09490333919156414