4 0.16953125 0.6533391915641477 0.28125 0.025483304042179262
1 0.921875 0.6647627416520211 0.0453125 0.027240773286467488
4 0.16640625 0.8760984182776801 0.26875 0.027240773286467488
1 0.92265625 0.44024604569420034 0.04375 0.029876977152899824
4 0.146875 0.179701230228471 0.234375 0.02899824253075571
4 0.23359375 0.4288224956063269 0.396875 0.027240773286467488
4 0.1953125 0.6827768014059754 0.340625 0.026362038664323375
4 0.1375 0.5408611599297012 0.2046875 0.029876977152899824
4 0.18515625 0.3145869947275923 0.2984375 0.030755711775043937
4 0.153125 0.765817223198594 0.234375 0.02899824253075571
4 0.1671875 0.12126537785588752 0.2734375 0.03163444639718805
1 0.921875 0.5522847100175747 0.046875 0.02899824253075571
4 0.2640625 0.796572934973638 0.4546875 0.026362038664323375
4 0.21015625 0.34578207381370824 0.353125 0.027240773286467488
4 0.30625 0.9094903339191565 0.5515625 0.029876977152899824
4 0.31796875 0.5711775043936731 0.5625 0.027240773286467488
4 0.4046875 0.45782073813708263 0.74375 0.023725834797891036
4 0.46484375 0.210896309314587 0.8609375 0.02460456942003515
1 0.921875 0.327768014059754 0.0484375 0.028119507908611598
1 0.921875 0.7772407732864675 0.0421875 0.029876977152899824
1 0.92265625 0.8901581722319859 0.0453125 0.029876977152899824
4 0.26328125 0.043497363796133566 0.2015625 0.037785588752196834
2 0.06875 0.04086115992970123 0.0578125 0.029876977152899824
4 0.0890625 0.23506151142355008 0.1140625 0.02460456942003515