3 0.35078125 0.101493848857645 0.30625 0.03427065026362039
3 0.340625 0.1234622144112478 0.678125 0.1766256590509666
4 0.290625 0.2592267135325132 0.234375 0.01845342706502636
4 0.22109375 0.328207381370826 0.09375 0.01845342706502636
4 0.246875 0.3998242530755712 0.1484375 0.01757469244288225
4 0.22578125 0.4718804920913884 0.109375 0.020210896309314587
4 0.23671875 0.5672231985940246 0.121875 0.021968365553602813
4 0.2390625 0.6375219683655536 0.1296875 0.021968365553602813
4 0.22578125 0.7060632688927944 0.1015625 0.01845342706502636
4 0.24921875 0.7763620386643234 0.15 0.023725834797891036
4 0.21796875 0.8466608084358523 0.09375 0.01845342706502636
4 0.28828125 0.9156414762741653 0.2265625 0.01845342706502636
4 0.2625 0.9876977152899824 0.1765625 0.021968365553602813
2 0.0671875 0.984182776801406 0.0546875 0.028119507908611598
2 0.0671875 0.9173989455184535 0.0546875 0.021968365553602813
2 0.0671875 0.8453427065026362 0.034375 0.03251318101933216
2 0.0671875 0.7750439367311072 0.046875 0.028119507908611598
2 0.0671875 0.7047451669595782 0.05 0.03251318101933216
2 0.0671875 0.6357644991212654 0.0421875 0.03251318101933216
2 0.0671875 0.5654657293497364 0.0546875 0.03251318101933216
2 0.0671875 0.47012302284710017 0.0546875 0.03251318101933216
2 0.0671875 0.3998242530755712 0.0546875 0.026362038664323375
2 0.0671875 0.3295254833040422 0.0359375 0.03602811950790861
2 0.0671875 0.2592267135325132 0.0546875 0.03251318101933216