4 0.4984375 0.8062390158172232 0.4515625 0.026362038664323375
2 0.61015625 0.07644991212653779 0.0671875 0.03602811950790861
2 0.725 0.07644991212653779 0.059375 0.03866432337434095
2 0.84453125 0.07644991212653779 0.0625 0.03866432337434095
2 0.784375 0.4173989455184534 0.0203125 0.006151142355008787
2 0.78203125 0.4890158172231986 0.0234375 0.006151142355008787
2 0.78203125 0.5610720562390158 0.0234375 0.006151142355008787
2 0.78203125 0.632688927943761 0.0265625 0.007908611599297012
4 0.54296875 0.632688927943761 0.153125 0.01845342706502636
4 0.5453125 0.5641476274165202 0.1609375 0.021968365553602813
4 0.58203125 0.4907732864674868 0.2390625 0.01845342706502636
4 0.509375 0.4173989455184534 0.0859375 0.01845342706502636
5 0.4984375 0.70298769771529 0.696875 0.06854130052724078
4 0.22109375 0.632688927943761 0.0890625 0.01757469244288225
4 0.22890625 0.5641476274165202 0.10625 0.020210896309314587
4 0.22578125 0.4890158172231986 0.1015625 0.01845342706502636
4 0.23125 0.4173989455184534 0.1140625 0.01845342706502636
4 0.3171875 0.3391915641476274 0.278125 0.026362038664323375
3 0.78203125 0.3374340949033392 0.0703125 0.037785588752196834
4 0.4953125 0.7038664323374341 0.1078125 0.02592267135325132