4 0.88828125 0.07820738137082602 0.0828125 0.01757469244288225
3 0.4984375 0.2482425307557118 0.490625 0.1063268892794376
4 0.49453125 0.3321616871704745 0.47734375 0.027680140597539545
4 0.2359375 0.44420035149384884 0.21953125 0.02460456942003515
4 0.64765625 0.4437609841827768 0.2203125 0.024165202108963092
4 0.17890625 0.5039543057996485 0.10703125 0.02460456942003515
4 0.22421875 0.5641476274165202 0.19921875 0.024165202108963092
4 0.3828125 0.6265377855887522 0.51953125 0.02899824253075571
5 0.4984375 0.70298769771529 0.83125 0.05975395430579965
4 0.4984375 0.7829525483304042 0.5015625 0.020210896309314587
4 0.5046875 0.8304042179261862 0.7984375 0.020210896309314587
1 0.49296875 0.9270650263620387 0.7921875 0.07205623901581722
4 0.48984375 0.929261862917399 0.66171875 0.020650263620386643
4 0.5171875 0.9086115992970123 0.71796875 0.01757469244288225
4 0.4984375 0.8510544815465729 0.32265625 0.020210896309314587
4 0.24296875 0.9512302284710018 0.165625 0.019332161687170474
4 0.50078125 0.7060632688927944 0.15234375 0.029437609841827767