3 0.65703125 0.14982425307557118 0.2734375 0.16432337434094904
4 0.659375 0.2640597539543058 0.2421875 0.026362038664323375
4 0.48828125 0.421792618629174 0.1015625 0.02460456942003515
4 0.83125 0.421792618629174 0.2515625 0.02460456942003515
4 0.54296875 0.5202108963093146 0.1890625 0.021968365553602813
4 0.5765625 0.5966608084358523 0.2578125 0.026362038664323375
4 0.6078125 0.6687170474516696 0.321875 0.02460456942003515
4 0.525 0.7438488576449912 0.1609375 0.026362038664323375
2 0.40234375 0.7390158172231986 0.04375 0.026362038664323375
2 0.40234375 0.6673989455184535 0.04375 0.02460456942003515
2 0.40234375 0.593585237258348 0.04375 0.026362038664323375
2 0.40234375 0.5202108963093146 0.0421875 0.02460456942003515
2 0.48828125 0.37961335676625657 0.0546875 0.03251318101933216
2 0.83125 0.37961335676625657 0.0546875 0.029876977152899824