4 0.259375 0.07644991212653779 0.2234375 0.02460456942003515
4 0.4390625 0.1766256590509666 0.3109375 0.021968365553602813
4 0.18203125 0.281195079086116 0.109375 0.028119507908611598
4 0.2078125 0.37038664323374343 0.1609375 0.028119507908611598
4 0.2234375 0.45606326889279436 0.1921875 0.023725834797891036
4 0.1765625 0.54701230228471 0.0984375 0.021968365553602813
2 0.0625 0.54701230228471 0.0578125 0.03427065026362039
2 0.0625 0.45782073813708263 0.0390625 0.03602811950790861
2 0.0625 0.36731107205623903 0.059375 0.03602811950790861
2 0.0625 0.27987697715289983 0.0578125 0.029876977152899824
3 0.19453125 0.17486818980667837 0.121875 0.07381370826010544
2 0.0671875 0.07513181019332162 0.0421875 0.02460456942003515