4 0.09609375 0.9626537785588752 0.1109375 0.015817223198594025
4 0.10390625 0.9327768014059754 0.1296875 0.01845342706502636
4 0.35546875 0.8545694200351494 0.628125 0.01757469244288225
4 0.0828125 0.8251318101933216 0.0828125 0.01845342706502636
1 0.921875 0.7311072056239016 0.046875 0.028119507908611598
4 0.24453125 0.7482425307557118 0.4046875 0.020210896309314587
4 0.24453125 0.718804920913884 0.4046875 0.023725834797891036
4 0.28046875 0.640597539543058 0.4828125 0.020210896309314587
4 0.19453125 0.6124780316344464 0.309375 0.021968365553602813
1 0.921875 0.515817223198594 0.046875 0.026362038664323375
4 0.3328125 0.5329525483304042 0.584375 0.020210896309314587
4 0.17109375 0.5017574692442882 0.2625 0.01845342706502636
1 0.921875 0.4077328646748682 0.046875 0.028119507908611598
4 0.24140625 0.4235500878734622 0.4046875 0.01757469244288225
4 0.15546875 0.3967486818980668 0.2265625 0.023725834797891036
4 0.290625 0.3172231985940246 0.5015625 0.020210896309314587
4 0.14296875 0.28910369068541303 0.203125 0.021968365553602813
4 0.27265625 0.2095782073813708 0.4625 0.020210896309314587
4 0.21328125 0.179701230228471 0.3484375 0.023725834797891036
4 0.21796875 0.07952548330404217 0.353125 0.028119507908611598