4 0.4671875 0.22671353251318102 0.8078125 0.021968365553602813
4 0.3765625 0.1766256590509666 0.628125 0.028119507908611598
4 0.21796875 0.07952548330404217 0.353125 0.029876977152899824
4 0.290625 0.437609841827768 0.3484375 0.03427065026362039
4 0.28046875 0.6234622144112478 0.3296875 0.03251318101933216
2 0.846875 0.7438488576449912 0.0578125 0.03427065026362039
4 0.4609375 0.6849736379613357 0.7015625 0.026362038664323375
4 0.44375 0.6572934973637962 0.6703125 0.022847100175746926
4 0.48828125 0.5259226713532513 0.753125 0.027240773286467488
4 0.478125 0.4973637961335677 0.734375 0.02460456942003515
4 0.45546875 0.47012302284710017 0.684375 0.020210896309314587
4 0.25703125 0.36731107205623903 0.290625 0.021968365553602813
4 0.40234375 0.3062390158172232 0.3609375 0.029876977152899824
3 0.1609375 0.3031634446397188 0.0734375 0.043936731107205626
4 0.2 0.5531634446397188 0.178125 0.02592267135325132