2 0.0671875 0.07513181019332162 0.0421875 0.02460456942003515
3 0.17421875 0.07644991212653779 0.0734375 0.03866432337434095
2 0.8390625 0.07205623901581722 0.078125 0.04569420035149385
2 0.940625 0.07644991212653779 0.0671875 0.040421792618629174
4 0.325 0.07644991212653779 0.2 0.02460456942003515
4 0.184375 0.1546572934973638 0.303125 0.02460456942003515
4 0.1375 0.23769771528998243 0.2 0.01845342706502636
4 0.246875 0.30799648506151145 0.140625 0.01757469244288225
4 0.23125 0.37829525483304044 0.1140625 0.01757469244288225
4 0.25703125 0.4468365553602812 0.1640625 0.01845342706502636
4 0.1484375 0.531195079086116 0.215625 0.01757469244288225
4 0.27265625 0.601493848857645 0.1953125 0.01757469244288225
4 0.2546875 0.6735500878734623 0.15625 0.021968365553602813
4 0.21796875 0.742091388400703 0.0859375 0.01757469244288225
4 0.2234375 0.812390158172232 0.096875 0.01845342706502636
4 0.1296875 0.8954305799648506 0.1875 0.01757469244288225
4 0.27265625 0.9657293497363796 0.1953125 0.01757469244288225
2 0.0671875 0.9657293497363796 0.05 0.029876977152899824
2 0.0703125 0.812390158172232 0.05 0.028119507908611598
2 0.0671875 0.742091388400703 0.046875 0.028119507908611598
2 0.0671875 0.6717926186291739 0.046875 0.03163444639718805
2 0.0671875 0.601493848857645 0.05 0.03163444639718805
2 0.0671875 0.4468365553602812 0.0546875 0.029876977152899824
2 0.0671875 0.37653778558875217 0.04375 0.029876977152899824
2 0.0671875 0.3062390158172232 0.059375 0.03602811950790861