4 0.7296875 0.07337434094903339 0.5015625 0.026362038664323375
4 0.2828125 0.14235500878734622 0.0625 0.01757469244288225
4 0.415625 0.2139718804920914 0.325 0.020210896309314587
4 0.37421875 0.28427065026362036 0.246875 0.021968365553602813
4 0.29609375 0.3545694200351494 0.090625 0.01757469244288225
4 0.3328125 0.4248681898066784 0.165625 0.01757469244288225
4 0.340625 0.4969244288224956 0.1796875 0.01757469244288225
4 0.40546875 0.5685413005272407 0.303125 0.020210896309314587
4 0.36875 0.640597539543058 0.23125 0.020210896309314587
4 0.10625 0.8295254833040422 0.0828125 0.014059753954305799
4 0.10625 0.70298769771529 0.103125 0.01845342706502636
4 0.10625 0.5733743409490334 0.059375 0.014059753954305799
4 0.10625 0.4468365553602812 0.109375 0.014059753954305799
4 0.10625 0.320298769771529 0.078125 0.015817223198594025
4 0.10390625 0.19551845342706503 0.065625 0.01845342706502636
2 0.01328125 0.070298769771529 0.0234375 0.023725834797891036
2 0.10625 0.1577328646748682 0.078125 0.04569420035149385
2 0.10625 0.28427065026362036 0.078125 0.048330404217926184
2 0.10625 0.4108084358523726 0.0578125 0.048330404217926184
2 0.10390625 0.539103690685413 0.0578125 0.048330404217926184
2 0.10390625 0.6656414762741653 0.0625 0.048330404217926184
2 0.10625 0.7939367311072056 0.0734375 0.048330404217926184
2 0.10625 0.9217926186291739 0.08125 0.014059753954305799
4 0.10625 0.9578207381370826 0.065625 0.014059753954305799