2 0.84453125 0.07644991212653779 0.0546875 0.03602811950790861
2 0.9453125 0.07513181019332162 0.0109375 0.02460456942003515
4 0.4671875 0.07820738137082602 0.5796875 0.029876977152899824
2 0.0671875 0.07644991212653779 0.0421875 0.02460456942003515
4 0.26484375 0.2060632688927944 0.2828125 0.028119507908611598
1 0.23671875 0.2702108963093146 0.21875 0.029876977152899824
4 0.29375 0.2719683655536028 0.1015625 0.02460456942003515
1 0.246875 0.3391915641476274 0.2390625 0.03163444639718805
4 0.30390625 0.3422671353251318 0.125 0.026362038664323375
1 0.2625 0.4094903339191564 0.2703125 0.028119507908611598
4 0.31953125 0.4094903339191564 0.15625 0.021968365553602813
1 0.275 0.4797891036906854 0.296875 0.029876977152899824
4 0.3296875 0.4797891036906854 0.18125 0.021968365553602813
1 0.27265625 0.5500878734622144 0.29375 0.028119507908611598
4 0.3328125 0.5500878734622144 0.1796875 0.020210896309314587
1 0.24140625 0.6203866432337434 0.228125 0.029876977152899824
4 0.2984375 0.6234622144112478 0.1140625 0.02460456942003515
1 0.2515625 0.6906854130052724 0.2515625 0.03163444639718805
4 0.309375 0.6937609841827768 0.1375 0.02460456942003515
1 0.2515625 0.7609841827768014 0.2515625 0.03163444639718805
4 0.309375 0.7640597539543058 0.134375 0.02460456942003515
1 0.22578125 0.8312829525483304 0.1953125 0.028119507908611598
4 0.28046875 0.8343585237258347 0.0828125 0.015817223198594025
4 0.090625 0.9266256590509666 0.1328125 0.020210896309314587
4 0.15546875 0.9749560632688928 0.2671875 0.01845342706502636