5 0.4984375 0.8154657293497364 0.753125 0.06063268892794376
5 0.4984375 0.742091388400703 0.7484375 0.05975395430579965
5 0.4984375 0.6687170474516696 0.753125 0.05975395430579965
5 0.4984375 0.5953427065026362 0.75 0.05799648506151142
5 0.4984375 0.523286467486819 0.7484375 0.05975395430579965
4 0.4625 0.44200351493848855 0.678125 0.023725834797891036
4 0.28828125 0.36072056239015815 0.321875 0.029876977152899824
3 0.4984375 0.28295254833040423 0.8265625 0.23286467486818982
4 0.5015625 0.5246045694200352 0.28125 0.0210896309314587
4 0.50078125 0.5966608084358523 0.29609375 0.019332161687170474
4 0.49921875 0.6709138840070299 0.253125 0.021528998242530756
4 0.5 0.7429701230228472 0.2328125 0.021968365553602813
4 0.49921875 0.8163444639718805 0.284375 0.020650263620386643