2 0.92734375 0.9033391915641477 0.03125 0.014059753954305799
4 0.1171875 0.9204745166959578 0.1734375 0.01845342706502636
4 0.121875 0.8892794376098418 0.1796875 0.021968365553602813
2 0.92734375 0.79701230228471 0.03125 0.012302284710017574
4 0.090625 0.8154657293497364 0.1171875 0.01757469244288225
4 0.1296875 0.7860281195079086 0.2 0.02460456942003515
2 0.92734375 0.6920035149384886 0.03125 0.014059753954305799
4 0.0859375 0.7095782073813708 0.109375 0.01845342706502636
4 0.14296875 0.679701230228471 0.228125 0.026362038664323375
4 0.15859375 0.609402460456942 0.2578125 0.02460456942003515
4 0.1484375 0.484182776801406 0.2390625 0.020210896309314587
4 0.17109375 0.37961335676625657 0.2828125 0.026362038664323375
4 0.17421875 0.273286467486819 0.290625 0.020210896309314587
4 0.10390625 0.19068541300527242 0.1484375 0.02460456942003515
4 0.29609375 0.07644991212653779 0.234375 0.026362038664323375
2 0.9296875 0.07644991212653779 0.05 0.029876977152899824
2 0.0671875 0.07644991212653779 0.0578125 0.03427065026362039
1 0.87734375 0.27372583479789103 0.1875 0.0641476274165202
1 0.875 0.37873462214411246 0.18671875 0.06766256590509666
1 0.87734375 0.48550087873462217 0.19140625 0.06678383128295255