4 0.259375 0.07952548330404217 0.2234375 0.029876977152899824
2 0.9453125 0.07644991212653779 0.0109375 0.023725834797891036
4 0.0625 0.15333919156414763 0.121875 0.015817223198594025
4 0.30390625 0.15333919156414763 0.18125 0.015817223198594025
4 0.58671875 0.15333919156414763 0.18125 0.015817223198594025
4 0.8671875 0.15333919156414763 0.1265625 0.015817223198594025
4 0.28046875 0.273286467486819 0.309375 0.021968365553602813
1 0.21796875 0.3391915641476274 0.18125 0.029876977152899824
4 0.275 0.3391915641476274 0.0671875 0.020210896309314587
1 0.2390625 0.4094903339191564 0.2234375 0.029876977152899824
4 0.29609375 0.4094903339191564 0.109375 0.020210896309314587
1 0.2234375 0.4797891036906854 0.1921875 0.029876977152899824
4 0.28046875 0.4797891036906854 0.08125 0.020210896309314587
1 0.2234375 0.5500878734622144 0.1921875 0.029876977152899824
4 0.28046875 0.5500878734622144 0.075 0.020210896309314587
1 0.2390625 0.6203866432337434 0.2203125 0.029876977152899824
4 0.29609375 0.6203866432337434 0.10625 0.020210896309314587
1 0.22890625 0.6906854130052724 0.2046875 0.029876977152899824
4 0.2859375 0.6906854130052724 0.09375 0.01845342706502636
1 0.22109375 0.7609841827768014 0.1890625 0.029876977152899824
4 0.28046875 0.7609841827768014 0.075 0.020210896309314587