3 0.49375 0.45957820738137084 0.68125 0.3295254833040422
3 0.50390625 0.1063268892794376 0.459375 0.048330404217926184
4 0.5015625 0.21353251318101935 0.91484375 0.03251318101933216
4 0.50234375 0.17882249560632688 0.8484375 0.03031634446397188
4 0.50078125 0.6599297012302284 0.36640625 0.024165202108963092
4 0.5 0.7130931458699473 0.86171875 0.01757469244288225
4 0.50390625 0.6915641476274165 0.8578125 0.021528998242530756
4 0.43671875 0.9595782073813708 0.3609375 0.020210896309314587
4 0.68046875 0.9595782073813708 0.096875 0.01845342706502636
5 0.4984375 0.8312829525483304 0.4890625 0.05799648506151142
5 0.4984375 0.9046572934973638 0.4890625 0.05975395430579965
4 0.49765625 0.2504393673110721 0.1109375 0.031195079086115993
4 0.50078125 0.7319859402460457 0.09453125 0.01845342706502636
4 0.5015625 0.8321616871704746 0.3578125 0.024165202108963092
4 0.5 0.9068541300527241 0.19609375 0.021968365553602813