4 0.28828125 0.7249560632688928 0.1796875 0.021968365553602813
2 0.9296875 0.8343585237258347 0.03125 0.029876977152899824
4 0.51953125 0.8361159929701231 0.646875 0.020210896309314587
2 0.10625 0.8343585237258347 0.0625 0.04657293497363796
2 0.92734375 0.7390158172231986 0.03125 0.03163444639718805
2 0.109375 0.7390158172231986 0.078125 0.04657293497363796
4 0.4078125 0.757908611599297 0.4265625 0.026362038664323375
2 0.92734375 0.6436731107205624 0.03125 0.029876977152899824
4 0.4515625 0.6436731107205624 0.5109375 0.021968365553602813
2 0.10625 0.6454305799648506 0.0828125 0.0421792618629174
2 0.92734375 0.5483304042179262 0.03125 0.03163444639718805
4 0.32734375 0.5483304042179262 0.259375 0.020210896309314587
2 0.109375 0.5500878734622144 0.046875 0.048330404217926184
2 0.92734375 0.45298769771528996 0.03125 0.029876977152899824
4 0.5328125 0.45474516695957823 0.6703125 0.020210896309314587
2 0.109375 0.45474516695957823 0.075 0.04569420035149385
2 0.9296875 0.35764499121265375 0.03125 0.03163444639718805
4 0.3484375 0.359402460456942 0.303125 0.020210896309314587
2 0.10625 0.35764499121265375 0.0625 0.04657293497363796
2 0.9296875 0.2623022847100176 0.03125 0.029876977152899824
4 0.525 0.2640597539543058 0.6578125 0.020210896309314587
2 0.10625 0.2623022847100176 0.065625 0.04569420035149385
2 0.92734375 0.16739894551845344 0.03125 0.03163444639718805
4 0.246875 0.1687170474516696 0.0984375 0.023725834797891036
2 0.10625 0.1687170474516696 0.075 0.04569420035149385
4 0.509375 0.07952548330404217 0.2734375 0.023725834797891036
2 0.940625 0.07644991212653779 0.0625 0.043936731107205626
2 0.0671875 0.07644991212653779 0.034375 0.03163444639718805