2 0.678125 0.7390158172231986 0.096875 0.05975395430579965
2 0.5609375 0.742091388400703 0.075 0.048330404217926184
2 0.43671875 0.742091388400703 0.0859375 0.05272407732864675
2 0.321875 0.742091388400703 0.096875 0.05799648506151142
4 0.5015625 0.6968365553602812 0.04375 0.014059753954305799
5 0.4984375 0.6423550087873462 0.2890625 0.07996485061511424
4 0.4984375 0.5672231985940246 0.2234375 0.01757469244288225
4 0.4984375 0.5281195079086116 0.290625 0.029876977152899824
4 0.50390625 0.45474516695957823 0.4046875 0.029876977152899824
3 0.4984375 0.3405096660808436 0.6 0.12038664323374342
2 0.846875 0.2640597539543058 0.05 0.026362038664323375
4 0.50078125 0.6445518453427065 0.15625 0.03998242530755712