4 0.51953125 0.07644991212653779 0.296875 0.05008787346221441
2 0.0671875 0.07644991212653779 0.05 0.021968365553602813
2 0.9453125 0.07644991212653779 0.0109375 0.023725834797891036
4 0.275 0.2623022847100176 0.309375 0.028119507908611598
1 0.2859375 0.3484182776801406 0.371875 0.029876977152899824
4 0.34296875 0.3484182776801406 0.2578125 0.021968365553602813
1 0.23359375 0.4187170474516696 0.2671875 0.029876977152899824
4 0.290625 0.4204745166959578 0.153125 0.026362038664323375
1 0.23125 0.4876977152899824 0.259375 0.029876977152899824
4 0.28828125 0.4890158172231986 0.1453125 0.021968365553602813
1 0.2234375 0.5579964850615114 0.24375 0.029876977152899824
4 0.28046875 0.5579964850615114 0.1265625 0.020210896309314587
1 0.31171875 0.6282952548330404 0.4234375 0.03163444639718805
4 0.36875 0.6296133567662566 0.309375 0.026362038664323375
1 0.2234375 0.6985940246045694 0.24375 0.029876977152899824
4 0.28046875 0.6985940246045694 0.1265625 0.021968365553602813
1 0.275 0.7688927943760984 0.3484375 0.029876977152899824
4 0.3296875 0.7688927943760984 0.234375 0.021968365553602813
5 0.259375 0.95298769771529 0.44375 0.05272407732864675
5 0.75859375 0.95298769771529 0.4421875 0.05272407732864675
4 0.7890625 0.9538664323374341 0.1390625 0.02460456942003515
4 0.2875 0.9547451669595782 0.1515625 0.026362038664323375
2 0.16015625 0.95298769771529 0.06328125 0.040421792618629174
2 0.6703125 0.953427065026362 0.06171875 0.038224956063268895