4 0.08828125 0.1546572934973638 0.0828125 0.020210896309314587
1 0.490625 0.2139718804920914 0.834375 0.026362038664323375
4 0.1609375 0.2139718804920914 0.1734375 0.01845342706502636
1 0.490625 0.27636203866432335 0.834375 0.028119507908611598
4 0.15546875 0.27987697715289983 0.1609375 0.021968365553602813
1 0.490625 0.3391915641476274 0.834375 0.026362038664323375
4 0.1328125 0.3422671353251318 0.1140625 0.020210896309314587
1 0.490625 0.3998242530755712 0.834375 0.026362038664323375
4 0.13515625 0.3998242530755712 0.11875 0.01845342706502636
1 0.49375 0.46265377855887524 0.834375 0.026362038664323375
4 0.153125 0.46572934973637964 0.15 0.021968365553602813
1 0.490625 0.523286467486819 0.8359375 0.026362038664323375
4 0.22109375 0.5250439367311072 0.296875 0.021968365553602813
1 0.490625 0.5861159929701231 0.834375 0.028119507908611598
4 0.23125 0.5874340949033392 0.3109375 0.023725834797891036
1 0.490625 0.648506151142355 0.834375 0.028119507908611598
4 0.2859375 0.6498242530755711 0.4203125 0.023725834797891036
1 0.490625 0.7095782073813708 0.834375 0.028119507908611598
4 0.140625 0.7126537785588752 0.1265625 0.023725834797891036
1 0.490625 0.7702108963093146 0.834375 0.028119507908611598
4 0.15078125 0.7719683655536028 0.15 0.01845342706502636
1 0.490625 0.8326010544815465 0.834375 0.026362038664323375
4 0.18984375 0.8326010544815465 0.23125 0.01845342706502636
1 0.490625 0.8954305799648506 0.834375 0.026362038664323375
4 0.19453125 0.8967486818980668 0.2390625 0.021968365553602813