3 0.4984375 0.1999121265377856 0.2734375 0.0421792618629174
4 0.5046875 0.3163444639718805 0.43125 0.0320738137082601
4 0.50078125 0.27680140597539543 0.471875 0.027240773286467488
5 0.4984375 0.6107205623901582 0.6046875 0.05975395430579965
5 0.4984375 0.6814586994727593 0.6046875 0.05975395430579965
4 0.4984375 0.7623022847100176 0.23125 0.015817223198594025
4 0.121875 0.9516695957820738 0.1296875 0.01757469244288225
4 0.90390625 0.9516695957820738 0.075 0.01757469244288225
4 0.4828125 0.6120386643233744 0.31796875 0.03031634446397188
4 0.50390625 0.6832161687170475 0.3578125 0.023725834797891036
2 0.2578125 0.6107205623901582 0.05546875 0.03383128295254833
2 0.2609375 0.679701230228471 0.0484375 0.03471001757469244