4 0.41796875 0.7425307557117751 0.3703125 0.043936731107205626
4 0.35 0.18936731107205623 0.103125 0.037785588752196834
4 0.3515625 0.4406854130052724 0.3015625 0.0492091388400703
4 0.53984375 0.843585237258348 0.7484375 0.056239015817223195
4 0.41875 0.3150263620386643 0.4453125 0.050966608084358524
4 0.30625 0.5004393673110721 0.1921875 0.03690685413005272
4 0.52109375 0.8954305799648506 0.7109375 0.058875219683655534
4 0.27890625 0.2539543057996485 0.184375 0.037785588752196834
4 0.38828125 0.6203866432337434 0.3359375 0.0421792618629174
4 0.52734375 0.79701230228471 0.7296875 0.05360281195079086
4 0.25859375 0.9644112478031635 0.1609375 0.03866432337434095
4 0.29296875 0.37829525483304044 0.184375 0.037785588752196834
4 0.3109375 0.5659050966608085 0.1828125 0.0351493848857645
4 0.3328125 0.6832161687170475 0.2328125 0.04481546572934974
4 0.28203125 0.06590509666080843 0.2234375 0.03866432337434095
4 0.3203125 0.1282952548330404 0.2984375 0.0421792618629174
4 0.215625 0.18980667838312829 0.0734375 0.03954305799648506