4 0.325 0.06195079086115993 0.21328125 0.03471001757469244
4 0.3609375 0.1234622144112478 0.2890625 0.0351493848857645
4 0.3234375 0.18453427065026362 0.21796875 0.043497363796133566
4 0.3015625 0.24560632688927944 0.16953125 0.035588752196836555
4 0.42265625 0.3101933216168717 0.428125 0.04130052724077329
4 0.3015625 0.37302284710017575 0.1765625 0.03866432337434095
4 0.35625 0.4345342706502636 0.29375 0.04305799648506151
4 0.30859375 0.4964850615114236 0.1953125 0.040421792618629174
4 0.3046875 0.5571177504393673 0.17578125 0.03690685413005272
4 0.32421875 0.6164323374340949 0.23046875 0.038224956063268895
4 0.31953125 0.6775043936731108 0.21640625 0.03690685413005272
4 0.39296875 0.7407732864674869 0.37578125 0.04130052724077329
4 0.49765625 0.7934973637961336 0.72265625 0.043936731107205626
4 0.5046875 0.844463971880492 0.73671875 0.038224956063268895
4 0.4796875 0.8954305799648506 0.69453125 0.04173989455184534
4 0.21015625 0.9573813708260105 0.16328125 0.03690685413005272