4 0.32578125 0.06458699472759227 0.2171875 0.0351493848857645
4 0.36484375 0.12390158172231985 0.28125 0.029876977152899824
4 0.246875 0.18497363796133567 0.06328125 0.032952548330404216
4 0.3828125 0.18497363796133567 0.0890625 0.032952548330404216
4 0.29921875 0.24736379613356765 0.1765625 0.03383128295254833
4 0.42734375 0.3093145869947276 0.415625 0.037785588752196834
4 0.30390625 0.37346221441124783 0.17421875 0.03471001757469244
4 0.3609375 0.43629173989455183 0.29140625 0.038224956063268895
4 0.30625 0.4956063268892794 0.17734375 0.038224956063268895
4 0.3046875 0.5566783831282952 0.178125 0.031195079086115993
4 0.325 0.6155536028119508 0.22734375 0.03163444639718805
4 0.32265625 0.679261862917399 0.20625 0.035588752196836555
4 0.47734375 0.8949912126537786 0.67265625 0.03998242530755712
4 0.5046875 0.843585237258348 0.7234375 0.03690685413005272
4 0.496875 0.7939367311072056 0.7125 0.037785588752196834
4 0.39375 0.7416520210896309 0.35625 0.035588752196836555
4 0.2140625 0.9569420035149385 0.15859375 0.03251318101933216