4 0.38359375 0.07601054481546574 0.45234375 0.04086115992970123
4 0.39296875 0.13927943760984182 0.465625 0.03998242530755712
4 0.1359375 0.23857644991212654 0.178125 0.0351493848857645
4 0.253125 0.29964850615114236 0.42421875 0.04261862917398945
4 0.50625 0.4103690685413005 0.921875 0.03734622144112478
4 0.47890625 0.359402460456942 0.87109375 0.04261862917398945
4 0.3890625 0.46397188049209137 0.69609375 0.04173989455184534
4 0.32578125 0.5355887521968365 0.08984375 0.027240773286467488
4 0.340625 0.5957820738137083 0.13125 0.035588752196836555
4 0.42890625 0.6586115992970123 0.3 0.03954305799648506
4 0.32265625 0.718804920913884 0.07890625 0.04086115992970123
4 0.33828125 0.7820738137082601 0.14453125 0.037785588752196834