4 0.3953125 0.7398945518453427 0.3671875 0.033391915641476276
4 0.35703125 0.43629173989455183 0.2984375 0.040421792618629174
4 0.5078125 0.844463971880492 0.746875 0.03427065026362039
4 0.4359375 0.31282952548330406 0.4421875 0.037785588752196834
4 0.30625 0.4947275922671353 0.1890625 0.03163444639718805
4 0.484375 0.8954305799648506 0.7078125 0.037785588752196834
4 0.30234375 0.2478031634446397 0.18125 0.03251318101933216
4 0.34765625 0.6159929701230229 0.27265625 0.031195079086115993
4 0.5 0.7974516695957821 0.728125 0.03251318101933216
4 0.215625 0.9565026362038664 0.1578125 0.03427065026362039
4 0.3046875 0.37258347978910367 0.18125 0.03251318101933216
4 0.3046875 0.5601933216168717 0.1796875 0.029876977152899824
4 0.31953125 0.6783831282952548 0.221875 0.03866432337434095
4 0.32265625 0.06019332161687171 0.2203125 0.03251318101933216
4 0.35546875 0.1234622144112478 0.2953125 0.033391915641476276
4 0.32421875 0.18365553602811951 0.23046875 0.04130052724077329