4 0.134375 0.23945518453427064 0.1765625 0.03427065026362039
4 0.25859375 0.30052724077328646 0.4328125 0.03251318101933216
4 0.39296875 0.07776801405975395 0.475 0.03163444639718805
4 0.4 0.13927943760984182 0.4953125 0.03690685413005272
4 0.50546875 0.414323374340949 0.9203125 0.04130052724077329
4 0.4859375 0.3633567662565905 0.884375 0.03602811950790861
4 0.33984375 0.5979789103690686 0.125 0.03690685413005272
4 0.4265625 0.6594903339191565 0.29375 0.040421792618629174
4 0.3296875 0.5382249560632689 0.1171875 0.029876977152899824
4 0.32890625 0.7192442882249561 0.0890625 0.03866432337434095
4 0.3421875 0.7825131810193322 0.1234375 0.040421792618629174
4 0.3875 0.46397188049209137 0.7 0.043936731107205626