0 0.3734375 0.36511423550087874 0.084375 0.058875219683655534
0 0.26328125 0.5966608084358523 0.0734375 0.05536028119507909
0 0.61015625 0.8646748681898067 0.0734375 0.056239015817223195
0 0.3453125 0.8879613356766256 0.0734375 0.056239015817223195
0 0.54296875 0.3510544815465729 0.084375 0.05799648506151142
0 0.534375 0.4239894551845343 0.0828125 0.05975395430579965
0 0.50390625 0.2069420035149385 0.084375 0.05711775043936731
0 0.49453125 0.27855887521968364 0.0828125 0.05975395430579965
0 0.34140625 0.29349736379613356 0.0828125 0.054481546572934976
0 0.3328125 0.22144112478031636 0.084375 0.056239015817223195
0 0.5265625 0.5716168717047452 0.0734375 0.05711775043936731
0 0.753125 0.4771528998242531 0.0890625 0.05975395430579965
0 0.69609375 0.7082601054481547 0.065625 0.05360281195079086
0 0.4125 0.5074692442882249 0.0828125 0.061511423550087874
0 0.20859375 0.37917398945518455 0.084375 0.05536028119507909
0 0.43203125 0.7315465729349736 0.0671875 0.05360281195079086
0 0.5828125 0.4929701230228471 0.0828125 0.061511423550087874
0 0.7140625 0.3352372583479789 0.0875 0.058875219683655534
0 0.38359375 0.43717047451669594 0.084375 0.056239015817223195
0 0.7171875 0.7781195079086116 0.065625 0.05360281195079086
0 0.24765625 0.5202108963093146 0.0828125 0.05536028119507909
0 0.1875 0.3062390158172232 0.084375 0.056239015817223195
0 0.73515625 0.4068541300527241 0.0875 0.061511423550087874
0 0.84765625 0.7666959578207382 0.0703125 0.056239015817223195
0 0.30390625 0.7429701230228472 0.071875 0.056239015817223195
0 0.7390625 0.8532513181019332 0.0671875 0.05360281195079086
0 0.1671875 0.23506151142355008 0.084375 0.05536028119507909
0 0.56796875 0.7196836555360281 0.071875 0.056239015817223195
0 0.546875 0.6445518453427065 0.0703125 0.05272407732864675
0 0.32421875 0.8132688927943761 0.071875 0.05536028119507909
0 0.2828125 0.6673989455184535 0.071875 0.05360281195079086
0 0.58828125 0.7899824253075571 0.0703125 0.05360281195079086
0 0.65625 0.5615114235500879 0.0671875 0.056239015817223195
0 0.67734375 0.6375219683655536 0.065625 0.05360281195079086
0 0.6921875 0.2618629173989455 0.0859375 0.05711775043936731
0 0.228125 0.4507908611599297 0.0828125 0.056239015817223195
0 0.828125 0.6968365553602812 0.0703125 0.05360281195079086
0 0.67265625 0.19112478031634447 0.0859375 0.056239015817223195
0 0.4125 0.6612478031634447 0.0671875 0.05272407732864675
0 0.809375 0.6265377855887522 0.0703125 0.054481546572934976
0 0.45234375 0.8014059753954306 0.065625 0.05184534270650264
0 0.47421875 0.8769771528998243 0.0671875 0.054481546572934976
0 0.39296875 0.585676625659051 0.06875 0.05536028119507909
0 0.78828125 0.5531634446397188 0.0703125 0.056239015817223195
0 0.453125 0.1335676625659051 0.078125 0.054481546572934976
0 0.3015625 0.14718804920913883 0.08125 0.05272407732864675
0 0.14375 0.1625659050966608 0.0875 0.05184534270650264
0 0.65 0.11643233743409491 0.084375 0.04569420035149385
0 0.8671875 0.8418277680140598 0.065625 0.04569420035149385