0 0.23125 0.13532513181019332 0.059375 0.04481546572934974
0 0.33046875 0.13532513181019332 0.0515625 0.04657293497363796
0 0.42578125 0.13576449912126537 0.046875 0.043936731107205626
0 0.52265625 0.13532513181019332 0.046875 0.043936731107205626
0 0.67109375 0.1375219683655536 0.0546875 0.037785588752196834
0 0.7671875 0.13532513181019332 0.053125 0.043936731107205626
0 0.23125 0.2078207381370826 0.0546875 0.048330404217926184
0 0.41171875 0.210896309314587 0.0484375 0.0421792618629174
0 0.58671875 0.2069420035149385 0.05625 0.04569420035149385
0 0.76796875 0.210896309314587 0.0484375 0.04657293497363796
0 0.24609375 0.27943760984182775 0.078125 0.04305799648506151
0 0.37109375 0.28383128295254834 0.078125 0.037785588752196834
0 0.48671875 0.28339191564147626 0.0875 0.050966608084358524
0 0.6625 0.27987697715289983 0.0875 0.05272407732864675
0 0.76796875 0.28471001757469244 0.0484375 0.03602811950790861
0 0.22578125 0.35676625659050965 0.0578125 0.028119507908611598
0 0.40859375 0.3563268892794376 0.0890625 0.05184534270650264
0 0.609375 0.35193321616871703 0.0890625 0.04745166959578207
0 0.7453125 0.35764499121265375 0.0875 0.048330404217926184
0 0.25078125 0.42618629173989453 0.0890625 0.048330404217926184
0 0.4 0.42618629173989453 0.0578125 0.03251318101933216
0 0.5140625 0.4279437609841828 0.046875 0.02899824253075571
0 0.584375 0.4253075571177504 0.0703125 0.04130052724077329
0 0.7515625 0.429701230228471 0.08125 0.040421792618629174
0 0.24375 0.5004393673110721 0.0703125 0.03866432337434095
0 0.35703125 0.4995606326889279 0.0703125 0.043936731107205626
0 0.47890625 0.4995606326889279 0.08125 0.04569420035149385
0 0.6109375 0.5004393673110721 0.0859375 0.04481546572934974
0 0.746875 0.4986818980667838 0.0859375 0.05008787346221441
0 0.2359375 0.6278558875219684 0.05625 0.029876977152899824
0 0.25234375 0.578646748681898 0.0890625 0.04745166959578207
0 0.3875 0.570298769771529 0.0828125 0.0421792618629174
0 0.51875 0.5729349736379613 0.0765625 0.04569420035149385
0 0.6484375 0.5751318101933216 0.0671875 0.04481546572934974
0 0.7703125 0.6467486818980668 0.0609375 0.04481546572934974
0 0.7578125 0.5984182776801406 0.06875 0.028119507908611598
0 0.44921875 0.6471880492091389 0.0703125 0.05360281195079086
0 0.60859375 0.6476274165202109 0.06875 0.05360281195079086
0 0.23671875 0.7174868189806678 0.0875 0.056239015817223195
0 0.40859375 0.7218804920913884 0.0796875 0.05711775043936731
0 0.5734375 0.7231985940246046 0.078125 0.05184534270650264
0 0.75 0.7210017574692443 0.0921875 0.04745166959578207
0 0.25390625 0.796572934973638 0.0859375 0.05711775043936731
0 0.38671875 0.7956942003514939 0.084375 0.058875219683655534
0 0.51875 0.7948154657293497 0.0796875 0.05272407732864675
0 0.653125 0.7943760984182777 0.078125 0.048330404217926184
0 0.76875 0.7952548330404218 0.0671875 0.05360281195079086
0 0.228125 0.8681898066783831 0.0625 0.04305799648506151
0 0.334375 0.8712653778558875 0.0390625 0.0351493848857645
0 0.43984375 0.8708260105448155 0.053125 0.03866432337434095
0 0.5484375 0.8712653778558875 0.046875 0.03954305799648506
0 0.65859375 0.8646748681898067 0.0515625 0.05184534270650264
0 0.77421875 0.8717047451669596 0.0390625 0.037785588752196834