0 0.2546875 0.7952548330404218 0.0859375 0.05799648506151142
0 0.40859375 0.6471880492091389 0.05625 0.0492091388400703
0 0.5 0.3572056239015817 0.08125 0.05184534270650264
0 0.25234375 0.351493848857645 0.08125 0.048330404217926184
0 0.4171875 0.4275043936731107 0.08125 0.05184534270650264
0 0.253125 0.2078207381370826 0.078125 0.04745166959578207
0 0.4171875 0.27855887521968364 0.0796875 0.05184534270650264
0 0.43125 0.7961335676625659 0.0859375 0.05799648506151142
0 0.58203125 0.43014059753954303 0.078125 0.05272407732864675
0 0.759375 0.6467486818980668 0.0703125 0.050966608084358524
0 0.74765625 0.13224956063268892 0.0828125 0.05184534270650264
0 0.4171875 0.13224956063268892 0.08125 0.05272407732864675
0 0.5 0.5052724077328646 0.0796875 0.0492091388400703
0 0.253125 0.4283831282952548 0.078125 0.048330404217926184
0 0.7484375 0.20738137082601055 0.075 0.04745166959578207
0 0.425 0.7210017574692443 0.0703125 0.05008787346221441
0 0.74765625 0.27855887521968364 0.0765625 0.048330404217926184
0 0.2375 0.8739015817223199 0.05625 0.0492091388400703
0 0.6078125 0.7943760984182777 0.084375 0.056239015817223195
0 0.57734375 0.6463093145869947 0.046875 0.04569420035149385
0 0.746875 0.3501757469244288 0.078125 0.048330404217926184
0 0.253125 0.28471001757469244 0.078125 0.04745166959578207
0 0.58203125 0.28646748681898065 0.078125 0.050966608084358524
0 0.76484375 0.7930579964850615 0.0609375 0.054481546572934976
0 0.253125 0.4986818980667838 0.078125 0.04745166959578207
0 0.4171875 0.5724956063268892 0.0796875 0.0492091388400703
0 0.390625 0.8703866432337434 0.0484375 0.040421792618629174
0 0.6234375 0.8677504393673111 0.046875 0.037785588752196834
0 0.5 0.2117750439367311 0.0796875 0.050966608084358524
0 0.746875 0.4978031634446397 0.078125 0.04657293497363796
0 0.746875 0.5738137082601055 0.078125 0.04569420035149385
0 0.74453125 0.7231985940246046 0.0828125 0.05360281195079086
0 0.74921875 0.4266256590509666 0.08125 0.048330404217926184
0 0.58125 0.1375219683655536 0.078125 0.050966608084358524
0 0.24609375 0.7218804920913884 0.071875 0.0492091388400703
0 0.5828125 0.5768892794376098 0.075 0.048330404217926184
0 0.25234375 0.13488576449912126 0.0796875 0.04657293497363796
0 0.253125 0.5768892794376098 0.0796875 0.0492091388400703
0 0.23828125 0.6507029876977153 0.059375 0.05184534270650264
0 0.75 0.8743409490333919 0.0796875 0.05008787346221441
0 0.6171875 0.7218804920913884 0.0796875 0.05184534270650264