0 0.3265625 0.8396309314586995 0.05 0.05272407732864675
0 0.59375 0.5949033391915641 0.0484375 0.05536028119507909
0 0.57421875 0.8466608084358523 0.0484375 0.050966608084358524
0 0.22578125 0.5826010544815465 0.0515625 0.054481546572934976
0 0.47265625 0.5905096660808435 0.0484375 0.05272407732864675
0 0.69921875 0.8506151142355008 0.0515625 0.05272407732864675
0 0.45078125 0.843585237258348 0.0484375 0.05272407732864675
0 0.7171875 0.5992970123022847 0.0515625 0.05711775043936731
0 0.24609375 0.3462214411247803 0.05625 0.04130052724077329
0 0.36875 0.34973637961335674 0.053125 0.04130052724077329
0 0.4953125 0.3532513181019332 0.0515625 0.04657293497363796
0 0.61796875 0.35676625659050965 0.053125 0.043936731107205626
0 0.7421875 0.36072056239015815 0.0484375 0.04569420035149385
0 0.73671875 0.43409490333919154 0.053125 0.04657293497363796
0 0.728125 0.5065905096660809 0.05 0.04481546572934974
0 0.60390625 0.5043936731107206 0.0578125 0.04657293497363796
0 0.48046875 0.5004393673110721 0.0609375 0.04569420035149385
0 0.359375 0.4969244288224956 0.059375 0.04569420035149385
0 0.23203125 0.4916520210896309 0.05 0.04305799648506151
0 0.2375 0.4195957820738137 0.0578125 0.043936731107205626
0 0.3609375 0.4209138840070299 0.0484375 0.04657293497363796
0 0.48671875 0.4253075571177504 0.0484375 0.04305799648506151
0 0.61015625 0.4288224956063269 0.0515625 0.04569420035149385
0 0.3453125 0.5839191564147628 0.05625 0.04305799648506151
0 0.21484375 0.6788224956063269 0.0515625 0.043936731107205626
0 0.33828125 0.6832161687170475 0.0453125 0.0421792618629174
0 0.46015625 0.6845342706502636 0.0484375 0.04657293497363796
0 0.5796875 0.68804920913884 0.05625 0.04745166959578207
0 0.70390625 0.6937609841827768 0.046875 0.04657293497363796
0 0.20859375 0.7618629173989455 0.05 0.04305799648506151
0 0.19765625 0.8334797891036907 0.04375 0.04305799648506151
0 0.3328125 0.7644991212653779 0.0484375 0.043936731107205626
0 0.45546875 0.7684534270650264 0.0484375 0.04481546572934974
0 0.58125 0.7724077328646749 0.05 0.04305799648506151
0 0.70546875 0.7759226713532513 0.0515625 0.04569420035149385
0 0.25 0.27372583479789103 0.0765625 0.05008787346221441
0 0.37265625 0.27855887521968364 0.0578125 0.04569420035149385
0 0.5015625 0.28075571177504394 0.0484375 0.0421792618629174
0 0.625 0.28295254833040423 0.053125 0.0421792618629174
0 0.74765625 0.28734622144112476 0.0515625 0.04657293497363796
0 0.7578125 0.21353251318101935 0.0484375 0.0421792618629174
0 0.76171875 0.14103690685413006 0.0515625 0.043936731107205626
0 0.6375 0.13884007029876977 0.0578125 0.04481546572934974
0 0.515625 0.13488576449912126 0.0515625 0.04657293497363796
0 0.3921875 0.1296133567662566 0.05 0.04305799648506151
0 0.26640625 0.1265377855887522 0.05625 0.04305799648506151
0 0.2609375 0.19859402460456943 0.0578125 0.043936731107205626
0 0.38515625 0.20342706502636204 0.05625 0.04657293497363796
0 0.50703125 0.2069420035149385 0.0609375 0.04569420035149385
0 0.63125 0.2095782073813708 0.05625 0.0492091388400703