0 0.66484375 0.31766256590509667 0.034375 0.03690685413005272
0 0.77421875 0.3172231985940246 0.034375 0.03690685413005272
0 0.3375 0.265817223198594 0.034375 0.03690685413005272
0 0.3359375 0.31590509666080846 0.034375 0.037785588752196834
0 0.44609375 0.31590509666080846 0.034375 0.03690685413005272
0 0.3375 0.36731107205623903 0.034375 0.03602811950790861
0 0.2265625 0.3172231985940246 0.0328125 0.03690685413005272
0 0.4484375 0.265817223198594 0.034375 0.0351493848857645
0 0.4484375 0.46265377855887524 0.0328125 0.033391915641476276
0 0.22734375 0.26537785588752194 0.0328125 0.0351493848857645
0 0.3359375 0.46221441124780316 0.03125 0.033391915641476276
0 0.5546875 0.46221441124780316 0.0328125 0.033391915641476276
0 0.665625 0.46177504393673113 0.0328125 0.033391915641476276
0 0.66640625 0.2688927943760984 0.034375 0.03602811950790861
0 0.771875 0.46177504393673113 0.0328125 0.03427065026362039
0 0.4484375 0.5593145869947276 0.03125 0.033391915641476276
0 0.77265625 0.26537785588752194 0.03125 0.033391915641476276
0 0.665625 0.5584358523725835 0.03125 0.033391915641476276
0 0.23828125 0.7592267135325131 0.046875 0.02899824253075571
0 0.66484375 0.5127416520210897 0.03125 0.0351493848857645
0 0.228125 0.46309314586994726 0.0328125 0.03427065026362039
0 0.553125 0.31590509666080846 0.034375 0.03690685413005272
0 0.771875 0.5127416520210897 0.0328125 0.0351493848857645
0 0.5546875 0.5588752196836555 0.03125 0.033391915641476276
0 0.771875 0.5584358523725835 0.0328125 0.03427065026362039
0 0.66484375 0.36467486818980666 0.0328125 0.0351493848857645
0 0.22734375 0.36731107205623903 0.034375 0.03602811950790861
0 0.22890625 0.6586115992970123 0.046875 0.03690685413005272
0 0.33515625 0.609402460456942 0.03125 0.033391915641476276
0 0.775 0.36467486818980666 0.0328125 0.03427065026362039
0 0.5546875 0.36599297012302284 0.0328125 0.0351493848857645
0 0.55546875 0.2688927943760984 0.034375 0.03602811950790861
0 0.44296875 0.6599297012302284 0.0375 0.03602811950790861
0 0.446875 0.609402460456942 0.0328125 0.033391915641476276
0 0.5546875 0.5136203866432337 0.03125 0.03602811950790861
0 0.3359375 0.5588752196836555 0.03125 0.033391915641476276
0 0.446875 0.5131810193321616 0.0328125 0.0351493848857645
0 0.4484375 0.36687170474516695 0.034375 0.0351493848857645
0 0.33515625 0.4125659050966608 0.03125 0.03427065026362039
0 0.69375 0.6581722319859402 0.046875 0.03602811950790861
0 0.77109375 0.6608084358523726 0.0328125 0.04305799648506151
0 0.771875 0.609402460456942 0.03125 0.033391915641476276
0 0.228125 0.5588752196836555 0.03125 0.033391915641476276
0 0.446875 0.4121265377855888 0.034375 0.0351493848857645
0 0.33515625 0.5131810193321616 0.03125 0.03602811950790861
0 0.2296875 0.5131810193321616 0.03125 0.03602811950790861
0 0.665625 0.4147627416520211 0.0328125 0.03427065026362039
0 0.665625 0.609402460456942 0.03125 0.0351493848857645
0 0.44609375 0.21704745166959577 0.03125 0.033391915641476276
0 0.771875 0.4147627416520211 0.0328125 0.0351493848857645
0 0.33671875 0.6572934973637962 0.03125 0.03427065026362039
0 0.2296875 0.609402460456942 0.0296875 0.033391915641476276
0 0.553125 0.4125659050966608 0.034375 0.0351493848857645
0 0.5546875 0.6098418277680141 0.03125 0.0351493848857645
0 0.553125 0.21660808435852372 0.03125 0.03251318101933216
0 0.228125 0.4147627416520211 0.0328125 0.03427065026362039
0 0.3375 0.21616871704745166 0.03125 0.033391915641476276
0 0.66640625 0.2179261862917399 0.0328125 0.033391915641476276
0 0.22734375 0.1695957820738137 0.03125 0.033391915641476276
0 0.22734375 0.21616871704745166 0.0296875 0.033391915641476276
0 0.4484375 0.1695957820738137 0.03125 0.03427065026362039
0 0.3390625 0.12126537785588752 0.0328125 0.0351493848857645
0 0.33828125 0.1695957820738137 0.03125 0.033391915641476276
0 0.22734375 0.11994727592267135 0.0328125 0.03427065026362039
0 0.3640625 0.7587873462214412 0.046875 0.029876977152899824
0 0.56640625 0.6608084358523726 0.053125 0.033391915641476276
0 0.2359375 0.7078207381370826 0.04375 0.03690685413005272
0 0.36953125 0.7086994727592267 0.0546875 0.03163444639718805
0 0.5 0.7069420035149385 0.0484375 0.037785588752196834
0 0.63984375 0.7086994727592267 0.0546875 0.03690685413005272
0 0.76484375 0.7073813708260105 0.0546875 0.033391915641476276
0 0.49296875 0.7570298769771528 0.0609375 0.03427065026362039
0 0.6296875 0.7587873462214412 0.0546875 0.03690685413005272
0 0.75859375 0.7587873462214412 0.0578125 0.0351493848857645
0 0.240625 0.8075571177504394 0.0640625 0.037785588752196834
0 0.371875 0.8066783831282952 0.046875 0.03427065026362039
0 0.503125 0.8066783831282952 0.0546875 0.03602811950790861
0 0.63515625 0.8062390158172232 0.05 0.03427065026362039
0 0.76640625 0.8057996485061512 0.046875 0.03690685413005272
0 0.234375 0.8523725834797891 0.046875 0.033391915641476276
0 0.36640625 0.8532513181019332 0.0453125 0.0351493848857645
0 0.4984375 0.8528119507908611 0.0515625 0.03602811950790861
0 0.63203125 0.8523725834797891 0.0484375 0.033391915641476276
0 0.76640625 0.8532513181019332 0.0484375 0.03690685413005272
0 0.4453125 0.11994727592267135 0.03125 0.033391915641476276
0 0.5546875 0.12082601054481547 0.03125 0.03427065026362039
0 0.6640625 0.12082601054481547 0.0328125 0.033391915641476276
0 0.7734375 0.12038664323374342 0.0390625 0.03427065026362039
0 0.55546875 0.17003514938488576 0.03125 0.033391915641476276
0 0.66328125 0.16915641476274165 0.034375 0.033391915641476276
0 0.77265625 0.17003514938488576 0.034375 0.03251318101933216
0 0.77265625 0.21704745166959577 0.034375 0.03251318101933216