0 0.75625 0.23813708260105448 0.0859375 0.054481546572934976
0 0.6484375 0.24121265377855888 0.0734375 0.054481546572934976
0 0.5390625 0.23637961335676624 0.078125 0.06063268892794376
0 0.38359375 0.24077328646748683 0.08125 0.05975395430579965
0 0.2328125 0.2429701230228471 0.08125 0.058875219683655534
0 0.75546875 0.13796133567662566 0.1015625 0.056239015817223195
0 0.6046875 0.14279437609841827 0.0765625 0.05272407732864675
0 0.46328125 0.14191564147627417 0.09375 0.05799648506151142
0 0.32578125 0.14323374340949033 0.0765625 0.05272407732864675
0 0.2296875 0.14455184534270651 0.0765625 0.05360281195079086
0 0.7578125 0.3211775043936731 0.0765625 0.06239015817223199
0 0.58125 0.32381370826010547 0.0765625 0.0632688927943761
0 0.4140625 0.3242530755711775 0.0734375 0.061511423550087874
0 0.23671875 0.3299648506151142 0.0875 0.05360281195079086
0 0.7640625 0.3989455184534271 0.0796875 0.05536028119507909
0 0.58046875 0.4046572934973638 0.0765625 0.05184534270650264
0 0.409375 0.40202108963093147 0.0765625 0.06063268892794376
0 0.2375 0.40597539543058 0.0875 0.05360281195079086
0 0.775 0.5413005272407733 0.084375 0.05975395430579965
0 0.76484375 0.47144112478031636 0.0734375 0.05184534270650264
0 0.6359375 0.5430579964850615 0.0640625 0.05711775043936731
0 0.57890625 0.4758347978910369 0.090625 0.05360281195079086
0 0.4078125 0.46836555360281196 0.084375 0.058875219683655534
0 0.24296875 0.47012302284710017 0.0796875 0.05799648506151142
0 0.509375 0.5434973637961336 0.0671875 0.058875219683655534
0 0.3796875 0.5492091388400703 0.078125 0.056239015817223195
0 0.24453125 0.5474516695957821 0.071875 0.05799648506151142
0 0.7625 0.616871704745167 0.0765625 0.058875219683655534
0 0.634375 0.6217047451669596 0.0765625 0.056239015817223195
0 0.51171875 0.6186291739894552 0.0890625 0.05711775043936731
0 0.37578125 0.6217047451669596 0.0734375 0.05711775043936731
0 0.24609375 0.6234622144112478 0.0734375 0.06678383128295255
0 0.77109375 0.7051845342706503 0.06875 0.04481546572934974
0 0.6359375 0.70298769771529 0.078125 0.04481546572934974
0 0.49609375 0.7056239015817223 0.0625 0.0492091388400703
0 0.35703125 0.7095782073813708 0.059375 0.0492091388400703
0 0.23984375 0.7091388400702988 0.0640625 0.04481546572934974
0 0.7734375 0.804481546572935 0.0765625 0.05272407732864675
0 0.63359375 0.8071177504393673 0.059375 0.04657293497363796
0 0.50234375 0.8106326889279437 0.0546875 0.04745166959578207
0 0.39453125 0.8066783831282952 0.075 0.056239015817223195
0 0.2625 0.8097539543057997 0.071875 0.05360281195079086