0 0.3109375 0.8079964850615114 0.096875 0.06239015817223199
0 0.43671875 0.6515817223198594 0.065625 0.05184534270650264
0 0.4734375 0.35808435852372583 0.090625 0.056239015817223195
0 0.22578125 0.36687170474516695 0.0890625 0.05272407732864675
0 0.40390625 0.4327768014059754 0.090625 0.056239015817223195
0 0.2 0.22407732864674867 0.0859375 0.05184534270650264
0 0.3765625 0.28471001757469244 0.0890625 0.056239015817223195
0 0.48671875 0.7987697715289982 0.096875 0.06239015817223199
0 0.56875 0.4257469244288225 0.0875 0.05711775043936731
0 0.78515625 0.6304920913884007 0.0796875 0.054481546572934976
0 0.678125 0.1195079086115993 0.0921875 0.056239015817223195
0 0.34921875 0.13927943760984182 0.090625 0.05711775043936731
0 0.50078125 0.5052724077328646 0.0890625 0.05360281195079086
0 0.24140625 0.44332161687170474 0.0859375 0.05272407732864675
0 0.69296875 0.19420035149384884 0.0828125 0.05184534270650264
0 0.46640625 0.7240773286467487 0.0796875 0.05360281195079086
0 0.70546875 0.26537785588752194 0.084375 0.05272407732864675
0 0.30859375 0.8870826010544816 0.065625 0.05184534270650264
0 0.66171875 0.7864674868189807 0.09375 0.06063268892794376
0 0.60390625 0.6410369068541301 0.0546875 0.048330404217926184
0 0.71796875 0.3365553602811951 0.0859375 0.05272407732864675
0 0.21484375 0.30052724077328646 0.0859375 0.05184534270650264
0 0.5421875 0.28295254833040423 0.0875 0.05536028119507909
0 0.81796875 0.7759226713532513 0.0703125 0.05799648506151142
0 0.25390625 0.5131810193321616 0.0859375 0.05184534270650264
0 0.43125 0.5768892794376098 0.0890625 0.05360281195079086
0 0.46015625 0.874780316344464 0.05625 0.04305799648506151
0 0.69140625 0.8585237258347979 0.053125 0.040421792618629174
0 0.44609375 0.21353251318101935 0.0890625 0.05536028119507909
0 0.7453125 0.4833040421792619 0.0859375 0.050966608084358524
0 0.759375 0.5588752196836555 0.0859375 0.05008787346221441
0 0.784375 0.7073813708260105 0.0921875 0.05799648506151142
0 0.734375 0.4125659050966608 0.0890625 0.05272407732864675
0 0.51328125 0.13488576449912126 0.0875 0.05536028119507909
0 0.2890625 0.7355008787346221 0.08125 0.05360281195079086
0 0.596875 0.5716168717047452 0.0828125 0.05272407732864675
0 0.1859375 0.1515817223198594 0.0875 0.050966608084358524
0 0.26875 0.5909490333919156 0.0890625 0.05360281195079086
0 0.26796875 0.6652021089630932 0.06875 0.05536028119507909
0 0.81796875 0.8576449912126538 0.0890625 0.054481546572934976
0 0.6578125 0.7139718804920914 0.0890625 0.056239015817223195