0 0.2515625 0.14850615114235502 0.075 0.04745166959578207
0 0.7578125 0.15070298769771528 0.0828125 0.054481546572934976
0 0.22578125 0.23286467486818982 0.075 0.05975395430579965
0 0.49921875 0.2359402460456942 0.06875 0.04657293497363796
0 0.7703125 0.23242530755711774 0.0609375 0.050966608084358524
0 0.27421875 0.30755711775043937 0.053125 0.0492091388400703
0 0.37265625 0.30579964850615116 0.0609375 0.0421792618629174
0 0.52421875 0.3053602811950791 0.046875 0.04745166959578207
0 0.675 0.30579964850615116 0.046875 0.04569420035149385
0 0.7671875 0.30799648506151145 0.05 0.05008787346221441
0 0.23359375 0.37697715289982425 0.059375 0.05536028119507909
0 0.3984375 0.37829525483304044 0.0515625 0.05008787346221441
0 0.5015625 0.37829525483304044 0.053125 0.05008787346221441
0 0.66484375 0.38005272407732865 0.0578125 0.050966608084358524
0 0.7703125 0.37917398945518455 0.0578125 0.050966608084358524
0 0.2453125 0.45035149384885764 0.0765625 0.04130052724077329
0 0.37890625 0.45298769771528996 0.06875 0.04130052724077329
0 0.5078125 0.45430579964850615 0.096875 0.0492091388400703
0 0.64921875 0.45035149384885764 0.0953125 0.04481546572934974
0 0.74140625 0.5281195079086116 0.0953125 0.050966608084358524
0 0.77265625 0.45606326889279436 0.05625 0.03866432337434095
0 0.24921875 0.5992970123022847 0.065625 0.043936731107205626
0 0.23046875 0.5333919156414763 0.053125 0.037785588752196834
0 0.3171875 0.531195079086116 0.04375 0.033391915641476276
0 0.4328125 0.5281195079086116 0.0875 0.050966608084358524
0 0.56171875 0.5259226713532513 0.0859375 0.05008787346221441
0 0.34453125 0.5997363796133568 0.059375 0.04481546572934974
0 0.51640625 0.6023725834797891 0.0625 0.04657293497363796
0 0.6390625 0.5992970123022847 0.05 0.05184534270650264
0 0.771875 0.601493848857645 0.0578125 0.04745166959578207
0 0.23671875 0.6748681898066784 0.0453125 0.04569420035149385
0 0.35078125 0.6735500878734623 0.053125 0.048330404217926184
0 0.4640625 0.6717926186291739 0.0453125 0.050966608084358524
0 0.65703125 0.6735500878734623 0.0546875 0.048330404217926184
0 0.765625 0.6735500878734623 0.0609375 0.05360281195079086
0 0.278125 0.7464850615114236 0.0546875 0.048330404217926184
0 0.4328125 0.7438488576449912 0.0625 0.05360281195079086
0 0.61640625 0.7464850615114236 0.0703125 0.04481546572934974
0 0.75234375 0.7482425307557118 0.065625 0.04305799648506151
0 0.25 0.820738137082601 0.103125 0.056239015817223195
0 0.38203125 0.8137082601054482 0.075 0.05360281195079086
0 0.4953125 0.819859402460457 0.05625 0.030755711775043937
0 0.68125 0.8246924428822495 0.0484375 0.030755711775043937
0 0.7671875 0.8211775043936731 0.05 0.028119507908611598