0 0.38203125 0.3624780316344464 0.08125 0.05799648506151142
0 0.25703125 0.5918277680140598 0.0703125 0.054481546572934976
0 0.5875 0.866871704745167 0.0703125 0.05536028119507909
0 0.32109375 0.8844463971880492 0.0703125 0.05536028119507909
0 0.5515625 0.35193321616871703 0.08125 0.05711775043936731
0 0.5390625 0.4248681898066784 0.0796875 0.058875219683655534
0 0.521875 0.20738137082601055 0.08125 0.056239015817223195
0 0.50859375 0.27855887521968364 0.0796875 0.058875219683655534
0 0.35390625 0.29042179261862916 0.0796875 0.05360281195079086
0 0.35 0.21836555360281196 0.08125 0.05536028119507909
0 0.521875 0.5720562390158173 0.0703125 0.056239015817223195
0 0.75390625 0.4819859402460457 0.0859375 0.05799648506151142
0 0.6828125 0.7117750439367311 0.0640625 0.05272407732864675
0 0.4125 0.5057117750439367 0.0796875 0.06063268892794376
0 0.21640625 0.37346221441124783 0.0828125 0.054481546572934976
0 0.41796875 0.7302284710017575 0.065625 0.05272407732864675
0 0.5828125 0.4947275922671353 0.0796875 0.06063268892794376
0 0.72421875 0.3391915641476274 0.084375 0.05711775043936731
0 0.3875 0.4345342706502636 0.08125 0.05536028119507909
0 0.69921875 0.7825131810193322 0.0640625 0.05272407732864675
0 0.246875 0.5153778558875219 0.08125 0.054481546572934976
0 0.2 0.30008787346221444 0.08125 0.05536028119507909
0 0.740625 0.4116871704745167 0.084375 0.05975395430579965
0 0.83125 0.773286467486819 0.0671875 0.05536028119507909
0 0.2890625 0.7390158172231986 0.06875 0.05536028119507909
0 0.71640625 0.8576449912126538 0.065625 0.05272407732864675
0 0.184375 0.22891036906854131 0.0828125 0.054481546572934976
0 0.5546875 0.7205623901581723 0.06875 0.05536028119507909
0 0.53828125 0.6454305799648506 0.0671875 0.05184534270650264
0 0.3046875 0.8097539543057997 0.06875 0.054481546572934976
0 0.27265625 0.6630052724077329 0.0703125 0.05272407732864675
0 0.56953125 0.7913005272407733 0.06875 0.05272407732864675
0 0.65234375 0.5645869947275922 0.0640625 0.05536028119507909
0 0.66875 0.6410369068541301 0.0640625 0.05272407732864675
0 0.70703125 0.265817223198594 0.0828125 0.056239015817223195
0 0.23125 0.44551845342706503 0.0796875 0.05536028119507909
0 0.815625 0.70298769771529 0.06875 0.05272407732864675
0 0.69140625 0.19463971880492092 0.084375 0.054481546572934976
0 0.40234375 0.6594903339191565 0.0640625 0.05184534270650264
0 0.8015625 0.6322495606326889 0.06875 0.05360281195079086
0 0.43359375 0.8000878734622144 0.0625 0.050966608084358524
0 0.45078125 0.8760984182776801 0.065625 0.05360281195079086
0 0.3875 0.5834797891036907 0.065625 0.054481546572934976
0 0.78515625 0.5588752196836555 0.0671875 0.05536028119507909
0 0.47578125 0.13312829525483305 0.0765625 0.05360281195079086
0 0.3234375 0.14323374340949033 0.078125 0.05184534270650264
0 0.16484375 0.1555360281195079 0.084375 0.05008787346221441
0 0.6734375 0.1195079086115993 0.0828125 0.04481546572934974
0 0.84609375 0.8488576449912126 0.0625 0.04481546572934974