0 0.42578125 0.5812829525483304 0.06875 0.05272407732864675
0 0.696875 0.19200351493848858 0.0703125 0.054481546572934976
0 0.4890625 0.8730228471001757 0.071875 0.058875219683655534
0 0.45625 0.7231985940246046 0.0671875 0.05272407732864675
0 0.68203125 0.11818980667838312 0.0734375 0.05536028119507909
0 0.76171875 0.4828646748681898 0.0703125 0.05360281195079086
0 0.83828125 0.8488576449912126 0.0828125 0.05975395430579965
0 0.7296875 0.3396309314586995 0.0703125 0.05799648506151142
0 0.7125 0.2631810193321617 0.06875 0.05184534270650264
0 0.58203125 0.4956063268892794 0.06875 0.05008787346221441
0 0.77421875 0.5571177504393673 0.0796875 0.05536028119507909
0 0.5015625 0.1313708260105448 0.0703125 0.05184534270650264
0 0.7453125 0.4112478031634446 0.0703125 0.054481546572934976
0 0.51796875 0.2060632688927944 0.06875 0.050966608084358524
0 0.1875 0.30404217926186294 0.0640625 0.054481546572934976
0 0.62421875 0.710456942003515 0.05625 0.048330404217926184
0 0.65625 0.8576449912126538 0.0609375 0.05272407732864675
0 0.48046875 0.796572934973638 0.0828125 0.05536028119507909
0 0.80625 0.7025483304042179 0.078125 0.05360281195079086
0 0.1734375 0.23066783831282953 0.0671875 0.054481546572934976
0 0.35859375 0.29481546572934975 0.06875 0.05536028119507909
0 0.3203125 0.8844463971880492 0.075 0.05975395430579965
0 0.2203125 0.44815465729349735 0.065625 0.05360281195079086
0 0.2796875 0.6630052724077329 0.0796875 0.05360281195079086
0 0.53359375 0.2772407732864675 0.0671875 0.05008787346221441
0 0.44921875 0.6507029876977153 0.0859375 0.05536028119507909
0 0.3421875 0.22056239015817222 0.06875 0.056239015817223195
0 0.565625 0.4235500878734622 0.06875 0.05360281195079086
0 0.20546875 0.37741652021089633 0.0671875 0.05360281195079086
0 0.59296875 0.5689806678383128 0.0546875 0.048330404217926184
0 0.31171875 0.8084358523725835 0.078125 0.05360281195079086
0 0.2375 0.5228471001757469 0.0640625 0.05184534270650264
0 0.3734375 0.36599297012302284 0.0703125 0.054481546572934976
0 0.325 0.14411247803163443 0.0703125 0.05360281195079086
0 0.15703125 0.15597539543057998 0.06875 0.05272407732864675
0 0.3890625 0.43717047451669594 0.06875 0.054481546572934976
0 0.55078125 0.35281195079086114 0.0671875 0.05272407732864675
0 0.40546875 0.5118629173989455 0.0671875 0.05272407732864675
0 0.28828125 0.7376977152899824 0.0703125 0.05536028119507909
0 0.82578125 0.7724077328646749 0.071875 0.05711775043936731
0 0.25625 0.5931458699472759 0.0703125 0.05536028119507909
0 0.79453125 0.6304920913884007 0.0703125 0.056239015817223195
0 0.628125 0.6392794376098418 0.1 0.05799648506151142
0 0.6578125 0.7847100175746925 0.1078125 0.05536028119507909