0 0.72890625 0.12917398945518455 0.0875 0.058875219683655534
0 0.62265625 0.1304920913884007 0.075 0.05360281195079086
0 0.50703125 0.1313708260105448 0.06875 0.061511423550087874
0 0.21953125 0.14411247803163443 0.090625 0.05799648506151142
0 0.62578125 0.1977152899824253 0.0796875 0.05536028119507909
0 0.490625 0.20342706502636204 0.075 0.048330404217926184
0 0.359375 0.20826010544815465 0.0703125 0.05360281195079086
0 0.22109375 0.21221441124780316 0.0953125 0.058875219683655534
0 0.74296875 0.2693321616871705 0.090625 0.05799648506151142
0 0.60546875 0.273286467486819 0.0765625 0.06063268892794376
0 0.47421875 0.281195079086116 0.06875 0.050966608084358524
0 0.34609375 0.28427065026362036 0.06875 0.0492091388400703
0 0.2171875 0.28471001757469244 0.0875 0.061511423550087874
0 0.234375 0.44507908611599295 0.075 0.05975395430579965
0 0.228125 0.36291739894551844 0.065625 0.050966608084358524
0 0.49921875 0.429701230228471 0.0796875 0.0632688927943761
0 0.63046875 0.4191564147627416 0.078125 0.06063268892794376
0 0.76328125 0.4213532513181019 0.084375 0.05711775043936731
0 0.7515625 0.3422671353251318 0.0796875 0.05799648506151142
0 0.64609375 0.3466608084358524 0.0625 0.05799648506151142
0 0.54296875 0.35281195079086114 0.0703125 0.054481546572934976
0 0.44296875 0.3545694200351494 0.0640625 0.05008787346221441
0 0.62578125 0.4942882249560633 0.06875 0.04569420035149385
0 0.6859375 0.5650263620386643 0.0640625 0.05184534270650264
0 0.53359375 0.5689806678383128 0.078125 0.05184534270650264
0 0.39140625 0.570298769771529 0.0734375 0.058875219683655534
0 0.23984375 0.5795254833040422 0.06875 0.05184534270650264
0 0.75625 0.6449912126537786 0.0953125 0.05184534270650264
0 0.61171875 0.6449912126537786 0.0828125 0.05799648506151142
0 0.35078125 0.7192442882249561 0.084375 0.0641476274165202
0 0.346875 0.6537785588752196 0.0578125 0.050966608084358524
0 0.246875 0.6528998242530756 0.078125 0.05184534270650264
0 0.253125 0.7346221441124781 0.0546875 0.048330404217926184
0 0.77578125 0.7873462214411248 0.0921875 0.058875219683655534
0 0.66875 0.789103690685413 0.0828125 0.054481546572934976
0 0.56875 0.7899824253075571 0.0828125 0.058875219683655534
0 0.49140625 0.7987697715289982 0.0578125 0.040421792618629174
0 0.259375 0.8053602811950791 0.05 0.04481546572934974
0 0.80703125 0.859402460456942 0.0640625 0.048330404217926184
0 0.675 0.8637961335676626 0.0609375 0.04657293497363796
0 0.54765625 0.8642355008787346 0.0625 0.043936731107205626
0 0.26640625 0.8822495606326889 0.075 0.04305799648506151