0 0.23046875 0.5641476274165202 0.065625 0.05272407732864675
0 0.19375 0.8585237258347979 0.065625 0.05536028119507909
0 0.43046875 0.35281195079086114 0.0765625 0.05536028119507909
0 0.4609375 0.8695079086115993 0.0671875 0.05360281195079086
0 0.496875 0.5733743409490334 0.065625 0.05536028119507909
0 0.62109375 0.2148506151142355 0.0765625 0.05360281195079086
0 0.221875 0.6362038664323374 0.0640625 0.05008787346221441
0 0.203125 0.7825131810193322 0.065625 0.05272407732864675
0 0.21171875 0.7117750439367311 0.0640625 0.05184534270650264
0 0.56484375 0.429701230228471 0.0734375 0.056239015817223195
0 0.44921875 0.20738137082601055 0.075 0.05272407732864675
0 0.41015625 0.4239894551845343 0.078125 0.05184534270650264
0 0.584375 0.28383128295254834 0.075 0.05711775043936731
0 0.6015625 0.36115992970123023 0.0765625 0.05536028119507909
0 0.75625 0.5136203866432337 0.08125 0.05799648506151142
0 0.415625 0.4995606326889279 0.0734375 0.056239015817223195
0 0.42890625 0.27855887521968364 0.0765625 0.050966608084358524
0 0.34140625 0.7166080843585237 0.0609375 0.050966608084358524
0 0.26484375 0.34578207381370824 0.078125 0.05272407732864675
0 0.6078125 0.7271528998242531 0.059375 0.050966608084358524
0 0.48828125 0.6467486818980668 0.0640625 0.05008787346221441
0 0.46953125 0.7934973637961336 0.0640625 0.050966608084358524
0 0.58359375 0.5074692442882249 0.0765625 0.05975395430579965
0 0.47890625 0.7223198594024605 0.0640625 0.05184534270650264
0 0.24609375 0.492091388400703 0.0765625 0.05184534270650264
0 0.6 0.7978910369068541 0.059375 0.050966608084358524
0 0.33359375 0.7873462214411248 0.0609375 0.050966608084358524
0 0.73203125 0.8036028119507909 0.0640625 0.05184534270650264
0 0.765625 0.4389279437609842 0.078125 0.05711775043936731
0 0.628125 0.5795254833040422 0.0609375 0.054481546572934976
0 0.77421875 0.36687170474516695 0.078125 0.05360281195079086
0 0.28203125 0.1999121265377856 0.0765625 0.05184534270650264
0 0.35 0.6454305799648506 0.0609375 0.050966608084358524
0 0.27421875 0.2719683655536028 0.075 0.05272407732864675
0 0.61796875 0.6559753954305799 0.059375 0.050966608084358524
0 0.3609375 0.5689806678383128 0.0609375 0.05272407732864675
0 0.7515625 0.6616871704745168 0.0625 0.05184534270650264
0 0.25625 0.4178383128295255 0.075 0.05536028119507909
0 0.6015625 0.1375219683655536 0.0703125 0.050966608084358524
0 0.7609375 0.5883128295254832 0.0640625 0.05184534270650264
0 0.79140625 0.22056239015817222 0.078125 0.05184534270650264
0 0.78359375 0.29261862917398945 0.0765625 0.05360281195079086
0 0.5921875 0.8756590509666081 0.059375 0.050966608084358524
0 0.7421875 0.7333040421792618 0.0625 0.050966608084358524
0 0.32421875 0.8633567662565905 0.0609375 0.05184534270650264
0 0.446875 0.13093145869947276 0.0734375 0.05008787346221441
0 0.7234375 0.8804920913884007 0.065625 0.05536028119507909
0 0.2890625 0.1225834797891037 0.090625 0.054481546572934976
0 0.79765625 0.14630931458699473 0.078125 0.048330404217926184