0 0.228125 0.56195079086116 0.071875 0.04657293497363796
0 0.3015625 0.5676625659050967 0.059375 0.043936731107205626
0 0.37265625 0.5746924428822495 0.0625 0.04305799648506151
0 0.44765625 0.5782073813708261 0.065625 0.04569420035149385
0 0.52109375 0.5812829525483304 0.065625 0.03954305799648506
0 0.59296875 0.586555360281195 0.0671875 0.04569420035149385
0 0.66484375 0.5918277680140598 0.059375 0.04745166959578207
0 0.7359375 0.5931458699472759 0.0734375 0.0492091388400703
0 0.2109375 0.6370826010544816 0.075 0.04130052724077329
0 0.28984375 0.640597539543058 0.0609375 0.040421792618629174
0 0.359375 0.6458699472759226 0.0609375 0.040421792618629174
0 0.434375 0.6507029876977153 0.059375 0.040421792618629174
0 0.503125 0.6550966608084359 0.0625 0.04305799648506151
0 0.5828125 0.6586115992970123 0.06875 0.04305799648506151
0 0.65 0.6616871704745168 0.065625 0.03954305799648506
0 0.7265625 0.6660808435852372 0.0734375 0.04481546572934974
0 0.2421875 0.4934094903339192 0.06875 0.04481546572934974
0 0.3171875 0.4969244288224956 0.06875 0.04305799648506151
0 0.38671875 0.5004393673110721 0.06875 0.03954305799648506
0 0.4640625 0.5048330404217927 0.059375 0.03866432337434095
0 0.534375 0.5092267135325131 0.0609375 0.03866432337434095
0 0.60859375 0.5136203866432337 0.0625 0.04305799648506151
0 0.67734375 0.5171353251318102 0.0671875 0.0421792618629174
0 0.75234375 0.5215289982425307 0.0765625 0.040421792618629174
0 0.19921875 0.7117750439367311 0.078125 0.04745166959578207
0 0.278125 0.7157293497363796 0.0640625 0.04481546572934974
0 0.35 0.7201230228471002 0.0625 0.043936731107205626
0 0.41953125 0.7240773286467487 0.06875 0.04305799648506151
0 0.49296875 0.7293497363796133 0.075 0.04481546572934974
0 0.56796875 0.734182776801406 0.065625 0.048330404217926184
0 0.63671875 0.7376977152899824 0.06875 0.04305799648506151
0 0.7125 0.7398945518453427 0.0578125 0.0421792618629174
0 0.1890625 0.7820738137082601 0.0703125 0.048330404217926184
0 0.259375 0.7851493848857645 0.0640625 0.04569420035149385
0 0.33125 0.7921792618629174 0.0609375 0.048330404217926184
0 0.409375 0.796572934973638 0.059375 0.03602811950790861
0 0.48125 0.7996485061511424 0.0671875 0.043936731107205626
0 0.55078125 0.8062390158172232 0.065625 0.048330404217926184
0 0.621875 0.8071177504393673 0.0703125 0.043936731107205626
0 0.70078125 0.8132688927943761 0.0640625 0.0421792618629174
0 0.17109375 0.8585237258347979 0.0734375 0.04481546572934974
0 0.2453125 0.8620386643233744 0.0671875 0.040421792618629174
0 0.3171875 0.8651142355008787 0.0671875 0.043936731107205626
0 0.38984375 0.8677504393673111 0.0734375 0.04657293497363796
0 0.46484375 0.8734622144112478 0.0703125 0.04481546572934974
0 0.53671875 0.8796133567662566 0.0734375 0.04657293497363796
0 0.609375 0.8835676625659051 0.0671875 0.0492091388400703
0 0.68515625 0.8866432337434095 0.0703125 0.04481546572934974
0 0.31015625 0.1282952548330404 0.0640625 0.0421792618629174
0 0.38515625 0.1335676625659051 0.0609375 0.04305799648506151
0 0.45703125 0.1366432337434095 0.0703125 0.043936731107205626
0 0.5328125 0.14147627416520211 0.0625 0.03954305799648506
0 0.60390625 0.14586994727592267 0.06875 0.0421792618629174
0 0.67421875 0.15026362038664323 0.065625 0.04305799648506151
0 0.74609375 0.1546572934973638 0.06875 0.04305799648506151
0 0.825 0.15817223198594024 0.071875 0.04130052724077329
0 0.2953125 0.20035149384885764 0.065625 0.03954305799648506
0 0.37265625 0.2047451669595782 0.0734375 0.04130052724077329
0 0.44453125 0.2086994727592267 0.06875 0.04569420035149385
0 0.51640625 0.21353251318101935 0.0671875 0.04481546572934974
0 0.5859375 0.2179261862917399 0.065625 0.04305799648506151
0 0.659375 0.2218804920913884 0.065625 0.04305799648506151
0 0.73359375 0.22803163444639718 0.06875 0.04305799648506151
0 0.81015625 0.23110720562390158 0.06875 0.03866432337434095
0 0.2828125 0.2728471001757469 0.075 0.04569420035149385
0 0.35546875 0.27855887521968364 0.065625 0.040421792618629174
0 0.4296875 0.28339191564147626 0.065625 0.0421792618629174
0 0.5015625 0.28646748681898065 0.065625 0.04305799648506151
0 0.57578125 0.29217926186291737 0.065625 0.0421792618629174
0 0.64609375 0.29745166959578206 0.06875 0.040421792618629174
0 0.72109375 0.30052724077328646 0.0625 0.0421792618629174
0 0.79296875 0.30448154657293497 0.0734375 0.040421792618629174
0 0.2703125 0.3484182776801406 0.065625 0.04745166959578207
0 0.34609375 0.3510544815465729 0.0609375 0.03954305799648506
0 0.41796875 0.3563268892794376 0.0625 0.04305799648506151
0 0.48671875 0.35984182776801404 0.075 0.040421792618629174
0 0.56171875 0.36379613356766255 0.06875 0.0421792618629174
0 0.63125 0.36862917398945516 0.0671875 0.05008787346221441
0 0.70703125 0.37302284710017575 0.0640625 0.0421792618629174
0 0.784375 0.37697715289982425 0.0765625 0.04569420035149385
0 0.25625 0.4204745166959578 0.06875 0.03866432337434095
0 0.328125 0.4244288224956063 0.06875 0.037785588752196834
0 0.4046875 0.4266256590509666 0.06875 0.037785588752196834
0 0.47421875 0.4314586994727592 0.065625 0.03866432337434095
0 0.54765625 0.43717047451669594 0.065625 0.03954305799648506
0 0.621875 0.44244288224956063 0.075 0.04569420035149385
0 0.69375 0.44727592267135324 0.071875 0.04745166959578207
0 0.765625 0.44947275922671354 0.0703125 0.04745166959578207