0 0.2703125 0.3466608084358524 0.071875 0.043936731107205626
0 0.34609375 0.34973637961335674 0.0640625 0.04657293497363796
0 0.4140625 0.3532513181019332 0.0640625 0.04569420035149385
0 0.48671875 0.35588752196836554 0.0734375 0.043936731107205626
0 0.56015625 0.36291739894551844 0.0671875 0.043936731107205626
0 0.428125 0.2820738137082601 0.06875 0.04569420035149385
0 0.50234375 0.2851493848857645 0.0625 0.04481546572934974
0 0.57578125 0.28910369068541303 0.0609375 0.04745166959578207
0 0.6453125 0.29349736379613356 0.0671875 0.048330404217926184
0 0.71875 0.29876977152899825 0.06875 0.04569420035149385
0 0.79296875 0.30052724077328646 0.0703125 0.043936731107205626
0 0.634375 0.36687170474516695 0.0640625 0.04569420035149385
0 0.70625 0.37082601054481545 0.0703125 0.04569420035149385
0 0.778125 0.37609841827768015 0.0703125 0.04745166959578207
0 0.28203125 0.2741652021089631 0.0734375 0.043936731107205626
0 0.35703125 0.2759226713532513 0.0640625 0.04657293497363796
0 0.25625 0.4187170474516696 0.065625 0.048330404217926184
0 0.3296875 0.421792618629174 0.065625 0.05008787346221441
0 0.40234375 0.4253075571177504 0.065625 0.0492091388400703
0 0.47578125 0.4305799648506151 0.065625 0.050966608084358524
0 0.54765625 0.4358523725834798 0.0703125 0.04745166959578207
0 0.61953125 0.437609841827768 0.0671875 0.04657293497363796
0 0.6921875 0.4437609841827768 0.0609375 0.040421792618629174
0 0.7671875 0.44903339191564146 0.0671875 0.04745166959578207
0 0.24453125 0.49253075571177507 0.06875 0.04745166959578207
0 0.31640625 0.4942882249560633 0.0671875 0.04481546572934974
0 0.3875 0.5004393673110721 0.0625 0.03954305799648506
0 0.4609375 0.5039543057996485 0.065625 0.048330404217926184
0 0.53203125 0.5083479789103691 0.065625 0.04305799648506151
0 0.60859375 0.5127416520210897 0.0609375 0.04569420035149385
0 0.68125 0.5171353251318102 0.0671875 0.040421792618629174
0 0.75546875 0.5193321616871704 0.065625 0.04305799648506151
0 0.2296875 0.5650263620386643 0.0671875 0.04130052724077329
0 0.30546875 0.5694200351493849 0.0703125 0.0492091388400703
0 0.375 0.5733743409490334 0.0578125 0.048330404217926184
0 0.4453125 0.5773286467486819 0.075 0.037785588752196834
0 0.5203125 0.5790861159929701 0.0703125 0.04481546572934974
0 0.59453125 0.5869947275922671 0.065625 0.0421792618629174
0 0.66796875 0.5905096660808435 0.0640625 0.0421792618629174
0 0.7375 0.5949033391915641 0.0640625 0.04130052724077329
0 0.21796875 0.6375219683655536 0.0671875 0.043936731107205626
0 0.2859375 0.6414762741652021 0.0640625 0.04745166959578207
0 0.359375 0.6458699472759226 0.0671875 0.04569420035149385
0 0.43359375 0.6498242530755711 0.0671875 0.04305799648506151
0 0.50859375 0.6542179261862917 0.0640625 0.03954305799648506
0 0.57890625 0.6599297012302284 0.06875 0.040421792618629174
0 0.653125 0.6647627416520211 0.0671875 0.04657293497363796
0 0.725 0.6665202108963093 0.0703125 0.04657293497363796
0 0.2 0.7078207381370826 0.06875 0.048330404217926184
0 0.275 0.7144112478031635 0.0640625 0.04481546572934974
0 0.34765625 0.7179261862917399 0.06875 0.04305799648506151
0 0.41953125 0.7236379613356766 0.0765625 0.043936731107205626
0 0.49296875 0.726713532513181 0.06875 0.04305799648506151
0 0.56328125 0.7324253075571178 0.065625 0.04305799648506151
0 0.6390625 0.7355008787346221 0.0671875 0.0492091388400703
0 0.7125 0.7394551845342706 0.0671875 0.04745166959578207
0 0.18984375 0.7803163444639719 0.0640625 0.0421792618629174
0 0.26171875 0.7873462214411248 0.059375 0.043936731107205626
0 0.33515625 0.7913005272407733 0.065625 0.04305799648506151
0 0.40859375 0.7956942003514939 0.059375 0.0492091388400703
0 0.47890625 0.7992091388400703 0.06875 0.04569420035149385
0 0.5515625 0.8027240773286467 0.0703125 0.04657293497363796
0 0.6265625 0.8075571177504394 0.0625 0.043936731107205626
0 0.69765625 0.81195079086116 0.065625 0.04569420035149385
0 0.17421875 0.8576449912126538 0.0671875 0.04130052724077329
0 0.24921875 0.8607205623901582 0.0640625 0.04481546572934974
0 0.32265625 0.8637961335676626 0.06875 0.04481546572934974
0 0.39375 0.8664323374340949 0.0640625 0.04569420035149385
0 0.46484375 0.8743409490333919 0.065625 0.04305799648506151
0 0.540625 0.8756590509666081 0.065625 0.040421792618629174
0 0.6125 0.8822495606326889 0.06875 0.04305799648506151
0 0.6859375 0.8848857644991213 0.0640625 0.04481546572934974
0 0.2953125 0.19815465729349738 0.0703125 0.040421792618629174
0 0.37109375 0.20254833040421794 0.0609375 0.04305799648506151
0 0.44140625 0.2086994727592267 0.0671875 0.04481546572934974
0 0.5171875 0.21221441124780316 0.065625 0.04569420035149385
0 0.5890625 0.2148506151142355 0.065625 0.04481546572934974
0 0.6625 0.22231985940246046 0.0671875 0.04481546572934974
0 0.73125 0.22583479789103691 0.071875 0.043936731107205626
0 0.80625 0.23022847100175747 0.0609375 0.040421792618629174
0 0.31015625 0.1304920913884007 0.06875 0.043936731107205626
0 0.38359375 0.13312829525483305 0.071875 0.04305799648506151
0 0.45625 0.13708260105448156 0.0734375 0.04569420035149385
0 0.53203125 0.13884007029876977 0.0609375 0.043936731107205626
0 0.6015625 0.14455184534270651 0.0640625 0.0421792618629174
0 0.675 0.14894551845342707 0.0625 0.037785588752196834
0 0.746875 0.15377855887521968 0.06875 0.04130052724077329
0 0.8203125 0.15641476274165203 0.0703125 0.043936731107205626