0 0.39140625 0.7908611599297012 0.065625 0.054481546572934976
0 0.4359375 0.2060632688927944 0.0625 0.050966608084358524
0 0.77578125 0.36511423550087874 0.0640625 0.05536028119507909
0 0.3953125 0.6436731107205624 0.0609375 0.05008787346221441
0 0.21171875 0.7855887521968365 0.0640625 0.054481546572934976
0 0.78671875 0.21748681898066785 0.071875 0.05008787346221441
0 0.4375 0.27987697715289983 0.0796875 0.054481546572934976
0 0.76875 0.43717047451669594 0.0625 0.05184534270650264
0 0.7546875 0.5834797891036907 0.0640625 0.050966608084358524
0 0.54765625 0.8721441124780316 0.0625 0.050966608084358524
0 0.7453125 0.6537785588752196 0.071875 0.05184534270650264
0 0.26640625 0.27460456942003514 0.075 0.05360281195079086
0 0.39609375 0.718804920913884 0.0765625 0.05184534270650264
0 0.72890625 0.8765377855887522 0.0671875 0.05536028119507909
0 0.76171875 0.5087873462214412 0.0625 0.050966608084358524
0 0.60390625 0.2078207381370826 0.0515625 0.04745166959578207
0 0.784375 0.28822495606326887 0.0640625 0.05360281195079086
0 0.56328125 0.648506151142355 0.0515625 0.04657293497363796
0 0.7421875 0.8014059753954306 0.0609375 0.05008787346221441
0 0.56796875 0.7952548330404218 0.059375 0.050966608084358524
0 0.24140625 0.4213532513181019 0.059375 0.050966608084358524
0 0.575 0.5790861159929701 0.0640625 0.05008787346221441
0 0.45078125 0.13268892794376097 0.075 0.05008787346221441
0 0.58828125 0.4314586994727592 0.0625 0.050966608084358524
0 0.58203125 0.5030755711775043 0.0625 0.048330404217926184
0 0.5953125 0.35984182776801404 0.0609375 0.05184534270650264
0 0.26640625 0.20210896309314588 0.065625 0.054481546572934976
0 0.234375 0.4969244288224956 0.059375 0.05008787346221441
0 0.22578125 0.7139718804920914 0.075 0.050966608084358524
0 0.41640625 0.35500878734622143 0.0640625 0.05360281195079086
0 0.225 0.570298769771529 0.0578125 0.050966608084358524
0 0.24765625 0.3506151142355009 0.059375 0.05184534270650264
0 0.409375 0.4275043936731107 0.0625 0.05272407732864675
0 0.19765625 0.8629173989455184 0.059375 0.05184534270650264
0 0.40234375 0.5026362038664324 0.0609375 0.05184534270650264
0 0.6171875 0.28602811950790863 0.0921875 0.05360281195079086
0 0.7421875 0.7284710017574693 0.0640625 0.05272407732864675
0 0.22421875 0.6423550087873462 0.0625 0.05272407732864675
0 0.39765625 0.5738137082601055 0.0609375 0.05184534270650264
0 0.63125 0.13840070298769772 0.1046875 0.05272407732864675
0 0.8015625 0.14323374340949033 0.075 0.05008787346221441
0 0.27265625 0.1265377855887522 0.0890625 0.054481546572934976
0 0.36953125 0.8611599297012302 0.059375 0.05184534270650264
0 0.57578125 0.7210017574692443 0.090625 0.05272407732864675