0 0.4125 0.3554481546572935 0.0703125 0.05360281195079086
0 0.2390625 0.5746924428822495 0.059375 0.050966608084358524
0 0.50703125 0.8699472759226714 0.059375 0.05184534270650264
0 0.2390625 0.8695079086115993 0.059375 0.05184534270650264
0 0.58359375 0.35676625659050965 0.0703125 0.05272407732864675
0 0.55546875 0.4279437609841828 0.06875 0.054481546572934976
0 0.58515625 0.210896309314587 0.0703125 0.05184534270650264
0 0.55625 0.28075571177504394 0.06875 0.054481546572934976
0 0.40078125 0.2820738137082601 0.0703125 0.0492091388400703
0 0.4125 0.2100175746924429 0.0703125 0.050966608084358524
0 0.50625 0.5729349736379613 0.059375 0.05272407732864675
0 0.75625 0.4995606326889279 0.075 0.05360281195079086
0 0.6359375 0.7227592267135325 0.053125 0.0492091388400703
0 0.41171875 0.4995606326889279 0.06875 0.056239015817223195
0 0.24609375 0.35500878734622143 0.071875 0.05008787346221441
0 0.36875 0.7227592267135325 0.0546875 0.0492091388400703
0 0.58359375 0.5004393673110721 0.06875 0.056239015817223195
0 0.75703125 0.35588752196836554 0.0734375 0.05272407732864675
0 0.40234375 0.4275043936731107 0.0703125 0.050966608084358524
0 0.63671875 0.7939367311072056 0.053125 0.0492091388400703
0 0.2453125 0.4978031634446397 0.0703125 0.05008787346221441
0 0.2453125 0.281195079086116 0.0703125 0.050966608084358524
0 0.7578125 0.4288224956063269 0.0734375 0.05536028119507909
0 0.76953125 0.7939367311072056 0.05625 0.05184534270650264
0 0.2390625 0.7227592267135325 0.0578125 0.05184534270650264
0 0.6375 0.8699472759226714 0.0546875 0.0492091388400703
0 0.2453125 0.20913884007029876 0.071875 0.05008787346221441
0 0.50625 0.7227592267135325 0.0578125 0.05184534270650264
0 0.50625 0.6467486818980668 0.0578125 0.048330404217926184
0 0.2390625 0.7939367311072056 0.0578125 0.050966608084358524
0 0.2390625 0.6463093145869947 0.059375 0.0492091388400703
0 0.50625 0.7939367311072056 0.0578125 0.0492091388400703
0 0.6375 0.5746924428822495 0.053125 0.05184534270650264
0 0.63671875 0.6515817223198594 0.053125 0.0492091388400703
0 0.75625 0.28163444639718804 0.071875 0.05184534270650264
0 0.2453125 0.4275043936731107 0.06875 0.050966608084358524
0 0.76953125 0.7231985940246046 0.0578125 0.0492091388400703
0 0.75625 0.2100175746924429 0.0734375 0.05008787346221441
0 0.36875 0.6515817223198594 0.0546875 0.048330404217926184
0 0.7703125 0.6520210896309314 0.0578125 0.05008787346221441
0 0.36875 0.7934973637961336 0.053125 0.04745166959578207
0 0.36953125 0.8699472759226714 0.0546875 0.05008787346221441
0 0.3703125 0.5751318101933216 0.0546875 0.050966608084358524
0 0.7703125 0.577768014059754 0.05625 0.05184534270650264
0 0.55546875 0.13400702987697716 0.065625 0.0492091388400703
0 0.40234375 0.13400702987697716 0.06875 0.04745166959578207
0 0.2421875 0.13532513181019332 0.075 0.04569420035149385
0 0.7546875 0.1344463971880492 0.075 0.03954305799648506
0 0.76796875 0.8699472759226714 0.0546875 0.04130052724077329