0 0.35859375 0.844463971880492 0.0453125 0.05184534270650264
0 0.60234375 0.5918277680140598 0.04375 0.054481546572934976
0 0.60625 0.8440246045694201 0.04375 0.05008787346221441
0 0.23359375 0.5905096660808435 0.046875 0.05360281195079086
0 0.48125 0.5913884007029877 0.04375 0.05184534270650264
0 0.73125 0.844463971880492 0.046875 0.05184534270650264
0 0.4828125 0.844463971880492 0.04375 0.05184534270650264
0 0.72578125 0.5927065026362038 0.046875 0.056239015817223195
0 0.23203125 0.35369068541300525 0.053125 0.03954305799648506
0 0.3546875 0.35369068541300525 0.05 0.03954305799648506
0 0.48203125 0.35369068541300525 0.046875 0.04569420035149385
0 0.6046875 0.35369068541300525 0.05 0.0421792618629174
0 0.72890625 0.35369068541300525 0.04375 0.04481546572934974
0 0.73046875 0.4270650263620387 0.0484375 0.04481546572934974
0 0.728125 0.5 0.0453125 0.043936731107205626
0 0.60390625 0.5013181019332161 0.053125 0.04481546572934974
0 0.48046875 0.5008787346221442 0.05625 0.043936731107205626
0 0.359375 0.5008787346221442 0.0546875 0.043936731107205626
0 0.23125 0.4995606326889279 0.046875 0.04130052724077329
0 0.23046875 0.4275043936731107 0.0546875 0.0421792618629174
0 0.35390625 0.4253075571177504 0.04375 0.04569420035149385
0 0.4796875 0.4257469244288225 0.0453125 0.0421792618629174
0 0.603125 0.4257469244288225 0.046875 0.043936731107205626
0 0.353125 0.5883128295254832 0.053125 0.04130052724077329
0 0.23203125 0.687170474516696 0.0484375 0.0421792618629174
0 0.35546875 0.687609841827768 0.0421875 0.04130052724077329
0 0.47734375 0.6854130052724078 0.04375 0.04569420035149385
0 0.596875 0.6854130052724078 0.0515625 0.04569420035149385
0 0.721875 0.687609841827768 0.0421875 0.04569420035149385
0 0.23359375 0.7702108963093146 0.046875 0.04130052724077329
0 0.22890625 0.8418277680140598 0.040625 0.0421792618629174
0 0.3578125 0.7688927943760984 0.04375 0.04305799648506151
0 0.48046875 0.7693321616871704 0.04375 0.043936731107205626
0 0.60625 0.7697715289982425 0.046875 0.04130052724077329
0 0.73046875 0.7693321616871704 0.046875 0.043936731107205626
0 0.22890625 0.281195079086116 0.071875 0.048330404217926184
0 0.35234375 0.28251318101933215 0.053125 0.043936731107205626
0 0.48125 0.281195079086116 0.0453125 0.04130052724077329
0 0.6046875 0.27943760984182775 0.05 0.040421792618629174
0 0.72734375 0.28031634446397186 0.046875 0.04569420035149385
0 0.73046875 0.20650263620386644 0.0453125 0.04130052724077329
0 0.728125 0.13400702987697716 0.0484375 0.0421792618629174
0 0.60390625 0.13532513181019332 0.053125 0.04305799648506151
0 0.48125 0.13488576449912126 0.046875 0.04481546572934974
0 0.3578125 0.13312829525483305 0.046875 0.04130052724077329
0 0.23203125 0.13400702987697716 0.053125 0.04130052724077329
0 0.23359375 0.2060632688927944 0.0546875 0.0421792618629174
0 0.3578125 0.20738137082601055 0.0515625 0.04481546572934974
0 0.4796875 0.2069420035149385 0.05625 0.043936731107205626
0 0.60390625 0.2060632688927944 0.0515625 0.04745166959578207