0 0.771875 0.24340949033391915 0.0859375 0.054481546572934976
0 0.6640625 0.24428822495606328 0.0734375 0.054481546572934976
0 0.5546875 0.23725834797891038 0.078125 0.06063268892794376
0 0.39921875 0.23857644991212654 0.08125 0.05975395430579965
0 0.2484375 0.23769771528998243 0.08125 0.058875219683655534
0 0.77734375 0.14323374340949033 0.1015625 0.056239015817223195
0 0.6265625 0.14499121265377857 0.0765625 0.05272407732864675
0 0.48515625 0.14147627416520211 0.09375 0.05799648506151142
0 0.34765625 0.13971880492091387 0.0765625 0.05272407732864675
0 0.2515625 0.13927943760984182 0.0765625 0.05360281195079086
0 0.76875 0.3264499121265378 0.0765625 0.06239015817223199
0 0.5921875 0.3255711775043937 0.0765625 0.0632688927943761
0 0.425 0.3224956063268893 0.0734375 0.061511423550087874
0 0.24765625 0.3246924428822496 0.0875 0.05360281195079086
0 0.7703125 0.40421792618629176 0.0796875 0.05536028119507909
0 0.58671875 0.406414762741652 0.0765625 0.05184534270650264
0 0.415625 0.40026362038664326 0.0765625 0.06063268892794376
0 0.24375 0.4007029876977153 0.0875 0.05360281195079086
0 0.771875 0.546572934973638 0.084375 0.05975395430579965
0 0.76640625 0.476713532513181 0.0734375 0.05184534270650264
0 0.6328125 0.5456942003514939 0.0640625 0.05711775043936731
0 0.58046875 0.47759226713532515 0.090625 0.05360281195079086
0 0.409375 0.46660808435852374 0.084375 0.058875219683655534
0 0.24453125 0.4648506151142355 0.0796875 0.05799648506151142
0 0.50625 0.5434973637961336 0.0671875 0.058875219683655534
0 0.3765625 0.546572934973638 0.078125 0.056239015817223195
0 0.24140625 0.5421792618629174 0.071875 0.05799648506151142
0 0.7546875 0.6221441124780316 0.0765625 0.058875219683655534
0 0.6265625 0.6243409490333919 0.0765625 0.056239015817223195
0 0.50390625 0.6186291739894552 0.0890625 0.05711775043936731
0 0.36796875 0.6190685413005272 0.0734375 0.05711775043936731
0 0.23828125 0.6181898066783831 0.0734375 0.06678383128295255
0 0.75859375 0.710456942003515 0.06875 0.04481546572934974
0 0.6234375 0.7056239015817223 0.078125 0.04481546572934974
0 0.48359375 0.7056239015817223 0.0625 0.0492091388400703
0 0.34453125 0.7069420035149385 0.059375 0.0492091388400703
0 0.22734375 0.7038664323374341 0.0640625 0.04481546572934974
0 0.7546875 0.8097539543057997 0.0765625 0.05272407732864675
0 0.61484375 0.8097539543057997 0.059375 0.04657293497363796
0 0.48359375 0.8106326889279437 0.0546875 0.04745166959578207
0 0.37578125 0.804481546572935 0.075 0.056239015817223195
0 0.24375 0.804920913884007 0.071875 0.05360281195079086