0 0.1546875 0.11906854130052724 0.04375 0.04173989455184534
0 0.26875 0.11862917398945519 0.0421875 0.03866432337434095
0 0.3734375 0.11775043936731107 0.0421875 0.03690685413005272
0 0.47578125 0.11818980667838312 0.04140625 0.04130052724077329
0 0.58203125 0.11731107205623902 0.04453125 0.03602811950790861
0 0.6859375 0.11862917398945519 0.046875 0.043936731107205626
0 0.81171875 0.12038664323374342 0.0421875 0.0421792618629174
0 0.1578125 0.20123022847100175 0.04453125 0.037785588752196834
0 0.24609375 0.20123022847100175 0.04375 0.037785588752196834
0 0.3390625 0.2056239015817223 0.05078125 0.03602811950790861
0 0.42421875 0.1999121265377856 0.034375 0.0351493848857645
0 0.515625 0.1999121265377856 0.04375 0.04569420035149385
0 0.596875 0.20035149384885764 0.0421875 0.04437609841827768
0 0.6875 0.2016695957820738 0.040625 0.04173989455184534
0 0.8125 0.20430579964850615 0.053125 0.03866432337434095
0 0.16015625 0.29393673110720564 0.03984375 0.04130052724077329
0 0.265625 0.29437609841827767 0.0359375 0.0421792618629174
0 0.3640625 0.29481546572934975 0.04609375 0.04305799648506151
0 0.46953125 0.29437609841827767 0.03828125 0.0421792618629174
0 0.575 0.29701230228471004 0.04375 0.03690685413005272
0 0.68359375 0.29833040421792617 0.05234375 0.03427065026362039
0 0.80859375 0.30579964850615116 0.0453125 0.033391915641476276
0 0.1546875 0.39235500878734625 0.04140625 0.04130052724077329
0 0.2609375 0.38884007029876977 0.03671875 0.0351493848857645
0 0.36328125 0.39103690685413006 0.0375 0.03910369068541301
0 0.4625 0.39191564147627417 0.040625 0.04086115992970123
0 0.56875 0.39499121265377857 0.04921875 0.032952548330404216
0 0.67890625 0.390597539543058 0.0265625 0.02899824253075571
0 0.80078125 0.39235500878734625 0.04296875 0.03954305799648506
0 0.6859375 0.47056239015817225 0.0328125 0.03471001757469244
0 0.803125 0.47539543057996486 0.03984375 0.03734622144112478
0 0.55234375 0.4718804920913884 0.04453125 0.04173989455184534
0 0.41953125 0.47012302284710017 0.0359375 0.038224956063268895
0 0.28828125 0.47056239015817225 0.040625 0.04130052724077329
0 0.1546875 0.4727592267135325 0.03984375 0.04130052724077329
0 0.79609375 0.5729349736379613 0.04453125 0.031195079086115993
0 0.6796875 0.5531634446397188 0.02890625 0.02592267135325132
0 0.5453125 0.5597539543057997 0.05078125 0.029876977152899824
0 0.4109375 0.5531634446397188 0.034375 0.04086115992970123
0 0.284375 0.5566783831282952 0.03671875 0.040421792618629174
0 0.15546875 0.5562390158172232 0.0421875 0.03690685413005272
0 0.15859375 0.6463093145869947 0.03984375 0.03910369068541301
0 0.26640625 0.6489455184534271 0.03984375 0.03998242530755712
0 0.36484375 0.6471880492091389 0.03671875 0.03866432337434095
0 0.46875 0.6454305799648506 0.03671875 0.040421792618629174
0 0.578125 0.6524604569420035 0.04453125 0.028119507908611598
0 0.684375 0.6449912126537786 0.03671875 0.027680140597539545
0 0.80546875 0.6559753954305799 0.03984375 0.03998242530755712
0 0.159375 0.7284710017574693 0.0421875 0.037785588752196834
0 0.29140625 0.7284710017574693 0.0421875 0.04481546572934974
0 0.4234375 0.7275922671353251 0.0421875 0.04305799648506151
0 0.55625 0.7271528998242531 0.03671875 0.0421792618629174
0 0.68984375 0.7271528998242531 0.040625 0.0421792618629174
0 0.80078125 0.7403339191564148 0.03984375 0.04481546572934974
0 0.8 0.836555360281195 0.04453125 0.031195079086115993
0 0.6828125 0.8101933216168717 0.0265625 0.027680140597539545
0 0.54765625 0.8137082601054482 0.04921875 0.032952548330404216
0 0.41640625 0.8088752196836555 0.03203125 0.03690685413005272
0 0.2875 0.81195079086116 0.0390625 0.038224956063268895
0 0.1609375 0.8115114235500879 0.0453125 0.0421792618629174
0 0.165625 0.8989455184534271 0.03828125 0.04130052724077329
0 0.26640625 0.898506151142355 0.03671875 0.04305799648506151
0 0.3671875 0.8971880492091389 0.0453125 0.0351493848857645
0 0.46875 0.898506151142355 0.03828125 0.03866432337434095
0 0.57734375 0.9020210896309314 0.05078125 0.03163444639718805
0 0.6875 0.8976274165202109 0.02734375 0.02460456942003515
0 0.8015625 0.9050966608084359 0.04453125 0.0421792618629174