0 0.7484375 0.8659929701230229 0.08125 0.05272407732864675
0 0.253125 0.8681898066783831 0.08125 0.050966608084358524
0 0.24375 0.13224956063268892 0.0640625 0.0421792618629174
0 0.24296875 0.20738137082601055 0.0625 0.04130052724077329
0 0.50234375 0.7930579964850615 0.0796875 0.04657293497363796
0 0.75078125 0.7196836555360281 0.0703125 0.04130052724077329
0 0.49921875 0.8695079086115993 0.08125 0.04569420035149385
0 0.50078125 0.718804920913884 0.0703125 0.04130052724077329
0 0.2484375 0.7196836555360281 0.0703125 0.040421792618629174
0 0.58046875 0.13181019332161686 0.059375 0.04130052724077329
0 0.253125 0.7943760984182777 0.078125 0.04569420035149385
0 0.75078125 0.1344463971880492 0.075 0.043936731107205626
0 0.7484375 0.7956942003514939 0.0765625 0.04657293497363796
0 0.6296875 0.6471880492091389 0.0703125 0.04130052724077329
0 0.5015625 0.20738137082601055 0.0578125 0.040421792618629174
0 0.62890625 0.2078207381370826 0.071875 0.04657293497363796
0 0.371875 0.6471880492091389 0.0703125 0.0421792618629174
0 0.41328125 0.1335676625659051 0.065625 0.03866432337434095
0 0.58125 0.35500878734622143 0.05625 0.040421792618629174
0 0.24375 0.6471880492091389 0.0578125 0.03163444639718805
0 0.625 0.27768014059753954 0.0578125 0.033391915641476276
0 0.7515625 0.27943760984182775 0.075 0.0421792618629174
0 0.5 0.27987697715289983 0.071875 0.0421792618629174
0 0.375 0.2789982425307557 0.059375 0.0351493848857645
0 0.37109375 0.20650263620386644 0.0625 0.03954305799648506
0 0.41171875 0.3523725834797891 0.0703125 0.04305799648506151
0 0.75 0.3532513181019332 0.0671875 0.04130052724077329
0 0.7578125 0.2060632688927944 0.0640625 0.03427065026362039
0 0.246875 0.28031634446397186 0.071875 0.03866432337434095
0 0.24453125 0.3532513181019332 0.0609375 0.03954305799648506
0 0.24296875 0.4266256590509666 0.0640625 0.03427065026362039
0 0.37109375 0.4266256590509666 0.078125 0.04130052724077329
0 0.4984375 0.42618629173989453 0.059375 0.03427065026362039
0 0.628125 0.42618629173989453 0.0671875 0.040421792618629174
0 0.7546875 0.42618629173989453 0.059375 0.033391915641476276
0 0.246875 0.5 0.0734375 0.04130052724077329
0 0.3734375 0.4991212653778559 0.0640625 0.03602811950790861
0 0.49921875 0.4991212653778559 0.0734375 0.0421792618629174
0 0.62734375 0.5 0.0609375 0.03427065026362039
0 0.75 0.4995606326889279 0.071875 0.03954305799648506
0 0.24375 0.5729349736379613 0.0578125 0.03690685413005272
0 0.4109375 0.5720562390158173 0.0703125 0.040421792618629174
0 0.58125 0.5742530755711776 0.0671875 0.0351493848857645
0 0.7484375 0.5724956063268892 0.078125 0.040421792618629174
0 0.7578125 0.6467486818980668 0.0609375 0.03251318101933216
0 0.49765625 0.6471880492091389 0.0625 0.03690685413005272
0 0.37421875 0.7192442882249561 0.0578125 0.03690685413005272
0 0.625 0.718804920913884 0.0578125 0.03602811950790861