0 0.3578125 0.7934973637961336 0.046875 0.05360281195079086
0 0.23046875 0.7948154657293497 0.0484375 0.05711775043936731
0 0.60546875 0.7934973637961336 0.046875 0.05360281195079086
0 0.48203125 0.7939367311072056 0.0453125 0.054481546572934976
0 0.7296875 0.7934973637961336 0.046875 0.05360281195079086
0 0.60546875 0.1313708260105448 0.05 0.05360281195079086
0 0.23359375 0.1313708260105448 0.0484375 0.050966608084358524
0 0.7296875 0.13181019332161686 0.05 0.05360281195079086
0 0.73046875 0.27987697715289983 0.0453125 0.048330404217926184
0 0.23046875 0.20650263620386644 0.0515625 0.040421792618629174
0 0.3546875 0.2060632688927944 0.0515625 0.04305799648506151
0 0.48125 0.2069420035149385 0.0484375 0.04305799648506151
0 0.60546875 0.20738137082601055 0.0453125 0.0421792618629174
0 0.728125 0.20650263620386644 0.046875 0.04305799648506151
0 0.48125 0.1335676625659051 0.046875 0.043936731107205626
0 0.353125 0.13268892794376097 0.0484375 0.0421792618629174
0 0.23125 0.28031634446397186 0.0515625 0.043936731107205626
0 0.3578125 0.28075571177504394 0.046875 0.04657293497363796
0 0.48046875 0.27987697715289983 0.053125 0.043936731107205626
0 0.6015625 0.28031634446397186 0.0484375 0.04481546572934974
0 0.6046875 0.3545694200351494 0.04375 0.04305799648506151
0 0.72734375 0.35281195079086114 0.05 0.0421792618629174
0 0.4796875 0.3541300527240773 0.04375 0.04657293497363796
0 0.35546875 0.35369068541300525 0.0484375 0.04305799648506151
0 0.35703125 0.4266256590509666 0.046875 0.04130052724077329
0 0.4796875 0.4266256590509666 0.0484375 0.04130052724077329
0 0.603125 0.42618629173989453 0.05 0.04305799648506151
0 0.7296875 0.4270650263620387 0.04375 0.04130052724077329
0 0.60625 0.5 0.04375 0.04481546572934974
0 0.7296875 0.4991212653778559 0.046875 0.043936731107205626
0 0.4765625 0.5 0.0546875 0.0421792618629174
0 0.35390625 0.4991212653778559 0.05 0.04130052724077329
0 0.2296875 0.5004393673110721 0.053125 0.04569420035149385
0 0.23046875 0.3532513181019332 0.0453125 0.04305799648506151
0 0.22890625 0.4279437609841828 0.0515625 0.0421792618629174
0 0.2296875 0.5738137082601055 0.0453125 0.04569420035149385
0 0.35703125 0.5729349736379613 0.0484375 0.043936731107205626
0 0.4796875 0.5733743409490334 0.04375 0.04130052724077329
0 0.60625 0.5733743409490334 0.04375 0.04130052724077329
0 0.7296875 0.5729349736379613 0.04375 0.04130052724077329
0 0.23125 0.6471880492091389 0.04375 0.04305799648506151
0 0.35546875 0.6467486818980668 0.0390625 0.04130052724077329
0 0.478125 0.6471880492091389 0.0421875 0.04305799648506151
0 0.603125 0.6471880492091389 0.046875 0.03954305799648506
0 0.7296875 0.6471880492091389 0.046875 0.04130052724077329
0 0.2296875 0.7205623901581723 0.04375 0.03954305799648506
0 0.3546875 0.7196836555360281 0.046875 0.03954305799648506
0 0.4796875 0.7192442882249561 0.04375 0.04130052724077329
0 0.6046875 0.7205623901581723 0.0484375 0.043936731107205626
0 0.72734375 0.7196836555360281 0.0421875 0.0421792618629174