0 0.4078125 0.4973637961335677 0.0640625 0.0632688927943761
0 0.2390625 0.13224956063268892 0.0640625 0.05799648506151142
0 0.76953125 0.8611599297012302 0.05 0.043936731107205626
0 0.76640625 0.7934973637961336 0.0546875 0.048330404217926184
0 0.59765625 0.1335676625659051 0.0625 0.05184534270650264
0 0.7609375 0.4253075571177504 0.0640625 0.06239015817223199
0 0.41796875 0.7921792618629174 0.0578125 0.05360281195079086
0 0.36328125 0.8602811950790861 0.046875 0.04305799648506151
0 0.49296875 0.8602811950790861 0.05 0.04481546572934974
0 0.603125 0.4239894551845343 0.0640625 0.06063268892794376
0 0.7609375 0.6449912126537786 0.0671875 0.0632688927943761
0 0.5046875 0.7223198594024605 0.075 0.05360281195079086
0 0.2453125 0.5746924428822495 0.0671875 0.05008787346221441
0 0.24140625 0.4964850615114236 0.0640625 0.0641476274165202
0 0.76953125 0.4991212653778559 0.0484375 0.04745166959578207
0 0.5796875 0.34973637961335674 0.065625 0.05975395430579965
0 0.24140625 0.7148506151142355 0.0640625 0.05975395430579965
0 0.7609375 0.35193321616871703 0.065625 0.05975395430579965
0 0.23359375 0.7926186291739895 0.0578125 0.05008787346221441
0 0.240625 0.4244288224956063 0.0625 0.058875219683655534
0 0.3984375 0.4235500878734622 0.0609375 0.058875219683655534
0 0.228125 0.8602811950790861 0.0484375 0.04130052724077329
0 0.40078125 0.3492970123022847 0.0640625 0.05975395430579965
0 0.634375 0.8611599297012302 0.0484375 0.04305799648506151
0 0.5890625 0.21660808435852372 0.059375 0.05008787346221441
0 0.5953125 0.8014059753954306 0.05 0.043936731107205626
0 0.41171875 0.21616871704745166 0.0578125 0.050966608084358524
0 0.2375 0.28910369068541303 0.05625 0.048330404217926184
0 0.2375 0.21616871704745166 0.0578125 0.05008787346221441
0 0.75625 0.5738137082601055 0.0734375 0.05008787346221441
0 0.41171875 0.28690685413005274 0.0546875 0.04657293497363796
0 0.49765625 0.5751318101933216 0.0734375 0.05536028119507909
0 0.76328125 0.7280316344463972 0.0546875 0.05008787346221441
0 0.51015625 0.6498242530755711 0.059375 0.05184534270650264
0 0.765625 0.21704745166959577 0.0578125 0.0492091388400703
0 0.41875 0.13400702987697716 0.059375 0.050966608084358524
0 0.58828125 0.28734622144112476 0.05625 0.043936731107205626
0 0.7640625 0.29042179261862916 0.053125 0.04657293497363796
0 0.2484375 0.6445518453427065 0.08125 0.056239015817223195
0 0.59375 0.5013181019332161 0.0890625 0.054481546572934976
0 0.76484375 0.13488576449912126 0.0890625 0.05711775043936731
0 0.228125 0.36423550087873463 0.0578125 0.040421792618629174