0 0.81875 0.15114235500878734 0.090625 0.05975395430579965
0 0.71328125 0.14367311072056238 0.078125 0.05536028119507909
0 0.5984375 0.13576449912126537 0.071875 0.06239015817223199
0 0.31015625 0.1256590509666081 0.09375 0.05975395430579965
0 0.69921875 0.21045694200351495 0.0828125 0.05711775043936731
0 0.5640625 0.2056239015817223 0.0765625 0.05008787346221441
0 0.4328125 0.1999121265377856 0.0734375 0.054481546572934976
0 0.2953125 0.19288224956063268 0.0984375 0.06063268892794376
0 0.79765625 0.29042179261862916 0.09375 0.05975395430579965
0 0.6609375 0.28383128295254834 0.08125 0.06239015817223199
0 0.52890625 0.281195079086116 0.071875 0.05184534270650264
0 0.40078125 0.2741652021089631 0.071875 0.05008787346221441
0 0.2734375 0.2649384885764499 0.0921875 0.06239015817223199
0 0.25078125 0.4248681898066784 0.0796875 0.061511423550087874
0 0.26484375 0.3427065026362039 0.06875 0.05184534270650264
0 0.51640625 0.43014059753954303 0.0828125 0.06502636203866433
0 0.64921875 0.43014059753954303 0.0828125 0.06239015817223199
0 0.78046875 0.4428822495606327 0.0875 0.05799648506151142
0 0.78828125 0.3633567662565905 0.0828125 0.05975395430579965
0 0.6828125 0.359402460456942 0.065625 0.058875219683655534
0 0.57890625 0.35764499121265375 0.0734375 0.05536028119507909
0 0.47890625 0.351493848857645 0.0671875 0.050966608084358524
0 0.62578125 0.5039543057996485 0.0703125 0.04657293497363796
0 0.66796875 0.578646748681898 0.0671875 0.05272407732864675
0 0.51640625 0.570738137082601 0.08125 0.05360281195079086
0 0.375 0.5615114235500879 0.0765625 0.06063268892794376
0 0.22265625 0.5584358523725835 0.071875 0.05272407732864675
0 0.71796875 0.6638840070298769 0.0984375 0.05360281195079086
0 0.575 0.6524604569420035 0.0859375 0.058875219683655534
0 0.29765625 0.7051845342706503 0.0875 0.06502636203866433
0 0.31015625 0.6401581722319859 0.0609375 0.05184534270650264
0 0.2109375 0.6318101933216169 0.08125 0.05360281195079086
0 0.196875 0.7130931458699473 0.05625 0.0492091388400703
0 0.7015625 0.8062390158172232 0.0953125 0.06063268892794376
0 0.5953125 0.7992091388400703 0.0859375 0.05536028119507909
0 0.49609375 0.7926186291739895 0.0859375 0.05975395430579965
0 0.4171875 0.7948154657293497 0.0609375 0.04130052724077329
0 0.1859375 0.7833919156414763 0.0515625 0.04569420035149385
0 0.715625 0.8796133567662566 0.065625 0.0492091388400703
0 0.5828125 0.8739015817223199 0.0625 0.04745166959578207
0 0.4578125 0.8642355008787346 0.065625 0.04481546572934974
0 0.17421875 0.8602811950790861 0.078125 0.04481546572934974