0 0.4078125 0.20826010544815465 0.05625 0.05008787346221441
0 0.76015625 0.2100175746924429 0.06875 0.05008787346221441
0 0.76328125 0.13400702987697716 0.0640625 0.05360281195079086
0 0.58125 0.13400702987697716 0.0609375 0.0492091388400703
0 0.57734375 0.20518453427065025 0.046875 0.04657293497363796
0 0.584375 0.867311072056239 0.071875 0.048330404217926184
0 0.4125 0.8659929701230229 0.0703125 0.04569420035149385
0 0.2453125 0.8659929701230229 0.0734375 0.048330404217926184
0 0.75703125 0.8664323374340949 0.0765625 0.048330404217926184
0 0.7640625 0.35676625659050965 0.0484375 0.0421792618629174
0 0.76640625 0.27943760984182775 0.0625 0.05184534270650264
0 0.5953125 0.35588752196836554 0.0453125 0.04130052724077329
0 0.40390625 0.13488576449912126 0.0578125 0.048330404217926184
0 0.23828125 0.20913884007029876 0.059375 0.05184534270650264
0 0.55625 0.7943760984182777 0.065625 0.04657293497363796
0 0.23203125 0.13620386643233742 0.05625 0.04657293497363796
0 0.41953125 0.35676625659050965 0.0546875 0.04130052724077329
0 0.24375 0.28383128295254834 0.0703125 0.05272407732864675
0 0.584375 0.7214411247803163 0.0640625 0.04130052724077329
0 0.41328125 0.27943760984182775 0.075 0.04481546572934974
0 0.596875 0.281195079086116 0.09375 0.04569420035149385
0 0.23671875 0.3554481546572935 0.071875 0.043936731107205626
0 0.22890625 0.4279437609841828 0.0671875 0.0421792618629174
0 0.4046875 0.429701230228471 0.0703125 0.04130052724077329
0 0.584375 0.42618629173989453 0.0671875 0.04569420035149385
0 0.76328125 0.4279437609841828 0.0734375 0.04481546572934974
0 0.2359375 0.5021968365553603 0.065625 0.04130052724077329
0 0.40703125 0.5039543057996485 0.0703125 0.043936731107205626
0 0.58359375 0.5013181019332161 0.0578125 0.04481546572934974
0 0.7640625 0.5004393673110721 0.0578125 0.0492091388400703
0 0.240625 0.5733743409490334 0.075 0.04569420035149385
0 0.41484375 0.5746924428822495 0.0765625 0.04569420035149385
0 0.58515625 0.5746924428822495 0.071875 0.043936731107205626
0 0.7609375 0.5751318101933216 0.075 0.04481546572934974
0 0.246875 0.648506151142355 0.071875 0.0421792618629174
0 0.403125 0.6467486818980668 0.0703125 0.04305799648506151
0 0.56015625 0.6476274165202109 0.08125 0.04481546572934974
0 0.75625 0.6489455184534271 0.0734375 0.04745166959578207
0 0.2453125 0.718365553602812 0.0828125 0.04305799648506151
0 0.4125 0.7192442882249561 0.078125 0.040421792618629174
0 0.7578125 0.7210017574692443 0.06875 0.0421792618629174
0 0.2453125 0.7908611599297012 0.075 0.05008787346221441
0 0.40234375 0.7908611599297012 0.084375 0.05008787346221441
0 0.75703125 0.7917398945518453 0.0640625 0.0492091388400703