0 0.25234375 0.13576449912126537 0.0921875 0.04657293497363796
0 0.38359375 0.1335676625659051 0.08125 0.04305799648506151
0 0.615625 0.13708260105448156 0.09375 0.05008787346221441
0 0.74765625 0.13005272407732865 0.0828125 0.04569420035149385
0 0.22734375 0.2047451669595782 0.0515625 0.03690685413005272
0 0.23984375 0.2759226713532513 0.0859375 0.058875219683655534
0 0.3171875 0.2069420035149385 0.0484375 0.03163444639718805
0 0.4578125 0.210896309314587 0.053125 0.0210896309314587
0 0.625 0.20738137082601055 0.0703125 0.0421792618629174
0 0.75546875 0.2741652021089631 0.0859375 0.06063268892794376
0 0.74765625 0.20826010544815465 0.075 0.03954305799648506
0 0.496875 0.2741652021089631 0.0734375 0.06239015817223199
0 0.23359375 0.35369068541300525 0.0640625 0.03866432337434095
0 0.4796875 0.35676625659050965 0.1015625 0.05008787346221441
0 0.5890625 0.35984182776801404 0.0546875 0.05184534270650264
0 0.74453125 0.3545694200351494 0.090625 0.05536028119507909
0 0.2296875 0.4327768014059754 0.065625 0.043936731107205626
0 0.38359375 0.4327768014059754 0.0640625 0.04657293497363796
0 0.49765625 0.4314586994727592 0.0625 0.043936731107205626
0 0.64296875 0.4270650263620387 0.0578125 0.03954305799648506
0 0.759375 0.4314586994727592 0.0625 0.04130052724077329
0 0.23984375 0.5043936731107206 0.059375 0.0421792618629174
0 0.309375 0.5694200351493849 0.06875 0.058875219683655534
0 0.3703125 0.5065905096660809 0.0640625 0.048330404217926184
0 0.46640625 0.5035149384885764 0.05625 0.04481546572934974
0 0.60234375 0.5061511423550088 0.0640625 0.04569420035149385
0 0.74765625 0.5030755711775043 0.0703125 0.04305799648506151
0 0.46171875 0.5681019332161688 0.078125 0.05536028119507909
0 0.61015625 0.570738137082601 0.071875 0.056239015817223195
0 0.7625 0.570738137082601 0.0734375 0.056239015817223195
0 0.24140625 0.6410369068541301 0.065625 0.056239015817223195
0 0.4171875 0.640597539543058 0.0609375 0.06063268892794376
0 0.58671875 0.6480667838312829 0.06875 0.05008787346221441
0 0.75625 0.6449912126537786 0.0828125 0.05360281195079086
0 0.253125 0.718804920913884 0.1015625 0.05008787346221441
0 0.39375 0.7196836555360281 0.0859375 0.04745166959578207
0 0.684375 0.7205623901581723 0.0546875 0.05184534270650264
0 0.7609375 0.7179261862917399 0.075 0.05184534270650264
0 0.24765625 0.7930579964850615 0.0828125 0.0492091388400703
0 0.746875 0.7921792618629174 0.090625 0.0492091388400703
0 0.35625 0.8664323374340949 0.0703125 0.05360281195079086
0 0.50390625 0.8646748681898067 0.06875 0.04569420035149385
0 0.63046875 0.8633567662565905 0.0640625 0.0492091388400703
0 0.7671875 0.8659929701230229 0.0671875 0.0492091388400703