0 0.2265625 0.5588752196836555 0.06875 0.05360281195079086
0 0.171875 0.8519332161687171 0.06875 0.056239015817223195
0 0.43984375 0.351493848857645 0.0796875 0.056239015817223195
0 0.43828125 0.8681898066783831 0.0703125 0.054481546572934976
0 0.4921875 0.5733743409490334 0.06875 0.056239015817223195
0 0.63828125 0.21748681898066785 0.0796875 0.054481546572934976
0 0.21328125 0.6304920913884007 0.0671875 0.05184534270650264
0 0.1859375 0.7763620386643234 0.06875 0.05360281195079086
0 0.19921875 0.7060632688927944 0.0671875 0.05360281195079086
0 0.56953125 0.4310193321616872 0.0765625 0.05711775043936731
0 0.46796875 0.20650263620386644 0.078125 0.05360281195079086
0 0.41484375 0.422231985940246 0.08125 0.05360281195079086
0 0.59765625 0.28558875219683655 0.078125 0.05799648506151142
0 0.61015625 0.3633567662565905 0.0796875 0.056239015817223195
0 0.7546875 0.5184534270650264 0.084375 0.05975395430579965
0 0.415625 0.4982425307557118 0.0765625 0.05711775043936731
0 0.44296875 0.27768014059753954 0.0796875 0.05184534270650264
0 0.328125 0.7135325131810193 0.0640625 0.05184534270650264
0 0.27421875 0.3413884007029877 0.08125 0.05360281195079086
0 0.59375 0.7289103690685413 0.0625 0.05184534270650264
0 0.47890625 0.6463093145869947 0.0671875 0.05184534270650264
0 0.4515625 0.7926186291739895 0.0671875 0.05272407732864675
0 0.5828125 0.5087873462214412 0.08125 0.06063268892794376
0 0.46484375 0.7218804920913884 0.0671875 0.05360281195079086
0 0.246875 0.4872583479789104 0.0796875 0.05272407732864675
0 0.58125 0.7996485061511424 0.0625 0.05184534270650264
0 0.315625 0.7838312829525483 0.0640625 0.05184534270650264
0 0.71328125 0.8079964850615114 0.0671875 0.05360281195079086
0 0.76953125 0.44420035149384884 0.08125 0.05799648506151142
0 0.62265625 0.5817223198594025 0.0640625 0.05536028119507909
0 0.78203125 0.37214411247803164 0.08125 0.054481546572934976
0 0.30078125 0.19595782073813708 0.0796875 0.05272407732864675
0 0.34140625 0.6427943760984183 0.0640625 0.05184534270650264
0 0.28828125 0.26757469244288223 0.078125 0.05360281195079086
0 0.6078125 0.6581722319859402 0.0625 0.05184534270650264
0 0.35625 0.5663444639718805 0.0640625 0.05360281195079086
0 0.74140625 0.6665202108963093 0.065625 0.05272407732864675
0 0.26171875 0.4130052724077329 0.078125 0.056239015817223195
0 0.62421875 0.13971880492091387 0.0734375 0.05184534270650264
0 0.75546875 0.5931458699472759 0.0671875 0.05360281195079086
0 0.80859375 0.22671353251318102 0.08125 0.05360281195079086
0 0.79609375 0.29833040421792617 0.0796875 0.054481546572934976
0 0.56875 0.8774165202108963 0.0625 0.05184534270650264
0 0.72734375 0.7376977152899824 0.065625 0.05184534270650264
0 0.3015625 0.8598418277680141 0.0640625 0.05272407732864675
0 0.4703125 0.13005272407732865 0.075 0.050966608084358524
0 0.7 0.8848857644991213 0.06875 0.056239015817223195
0 0.3125 0.11862917398945519 0.09375 0.05536028119507909
0 0.81953125 0.15202108963093147 0.0796875 0.05008787346221441