0 0.275 0.3444639718804921 0.071875 0.04481546572934974
0 0.35078125 0.3484182776801406 0.065625 0.04745166959578207
0 0.41875 0.3523725834797891 0.065625 0.04569420035149385
0 0.49140625 0.35588752196836554 0.0734375 0.04481546572934974
0 0.5640625 0.36379613356766255 0.0671875 0.043936731107205626
0 0.43515625 0.281195079086116 0.0703125 0.04569420035149385
0 0.509375 0.2851493848857645 0.0640625 0.04569420035149385
0 0.58203125 0.28998242530755713 0.0625 0.048330404217926184
0 0.6515625 0.29481546572934975 0.06875 0.048330404217926184
0 0.725 0.30096660808435854 0.0703125 0.04569420035149385
0 0.7984375 0.3031634446397188 0.0703125 0.04481546572934974
0 0.63828125 0.36818980667838314 0.065625 0.04569420035149385
0 0.71015625 0.37302284710017575 0.071875 0.04657293497363796
0 0.78203125 0.37873462214411246 0.071875 0.048330404217926184
0 0.2890625 0.2719683655536028 0.0734375 0.04481546572934974
0 0.3640625 0.27460456942003514 0.065625 0.04745166959578207
0 0.25859375 0.4165202108963093 0.0671875 0.048330404217926184
0 0.3328125 0.4204745166959578 0.0671875 0.05008787346221441
0 0.4046875 0.4244288224956063 0.0671875 0.0492091388400703
0 0.478125 0.43014059753954303 0.0671875 0.050966608084358524
0 0.54921875 0.43629173989455183 0.071875 0.048330404217926184
0 0.62109375 0.4389279437609842 0.06875 0.04657293497363796
0 0.69375 0.44551845342706503 0.0625 0.04130052724077329
0 0.76875 0.45166959578207383 0.06875 0.04745166959578207
0 0.24453125 0.4898945518453427 0.0703125 0.04745166959578207
0 0.31640625 0.49253075571177507 0.0671875 0.04481546572934974
0 0.3875 0.4991212653778559 0.0640625 0.03954305799648506
0 0.4609375 0.5035149384885764 0.0671875 0.048330404217926184
0 0.53203125 0.5087873462214412 0.0671875 0.04305799648506151
0 0.6078125 0.5136203866432337 0.0625 0.04657293497363796
0 0.68046875 0.5193321616871704 0.06875 0.040421792618629174
0 0.7546875 0.5219683655536028 0.0671875 0.04305799648506151
0 0.22734375 0.562390158172232 0.06875 0.04130052724077329
0 0.303125 0.5672231985940246 0.071875 0.0492091388400703
0 0.37265625 0.5720562390158173 0.059375 0.0492091388400703
0 0.44296875 0.5764499121265377 0.075 0.03866432337434095
0 0.51796875 0.5790861159929701 0.0703125 0.04569420035149385
0 0.5921875 0.5878734622144113 0.0671875 0.0421792618629174
0 0.66484375 0.5918277680140598 0.065625 0.0421792618629174
0 0.734375 0.5971001757469244 0.065625 0.04130052724077329
0 0.2140625 0.6348857644991213 0.0671875 0.043936731107205626
0 0.28125 0.6392794376098418 0.065625 0.048330404217926184
0 0.35546875 0.6445518453427065 0.06875 0.04569420035149385
0 0.42890625 0.6489455184534271 0.06875 0.04305799648506151
0 0.50390625 0.6542179261862917 0.065625 0.03954305799648506
0 0.5734375 0.6603690685413005 0.0703125 0.04130052724077329
0 0.64765625 0.6660808435852372 0.06875 0.04657293497363796
0 0.71953125 0.6687170474516696 0.071875 0.04745166959578207
0 0.19375 0.7051845342706503 0.0703125 0.048330404217926184
0 0.26875 0.7122144112478032 0.0640625 0.04481546572934974
0 0.340625 0.7166080843585237 0.0703125 0.043936731107205626
0 0.4125 0.7227592267135325 0.0765625 0.04481546572934974
0 0.4859375 0.726713532513181 0.0703125 0.043936731107205626
0 0.55625 0.7333040421792618 0.0671875 0.04305799648506151
0 0.63203125 0.7368189806678384 0.06875 0.0492091388400703
0 0.70546875 0.7416520210896309 0.06875 0.04745166959578207
0 0.18125 0.7772407732864675 0.065625 0.0421792618629174
0 0.253125 0.7847100175746925 0.059375 0.04481546572934974
0 0.32578125 0.789543057996485 0.0671875 0.04305799648506151
0 0.39921875 0.7948154657293497 0.0609375 0.05008787346221441
0 0.46953125 0.7987697715289982 0.0703125 0.04569420035149385
0 0.5421875 0.8031634446397188 0.071875 0.04745166959578207
0 0.6171875 0.8084358523725835 0.0625 0.04481546572934974
0 0.68828125 0.8141476274165202 0.0671875 0.04569420035149385
0 0.16328125 0.8541300527240774 0.06875 0.04130052724077329
0 0.23828125 0.8580843585237259 0.0640625 0.04481546572934974
0 0.31171875 0.8620386643233744 0.06875 0.04481546572934974
0 0.3828125 0.8655536028119508 0.065625 0.04657293497363796
0 0.453125 0.8739015817223199 0.0671875 0.04305799648506151
0 0.52890625 0.8760984182776801 0.0671875 0.040421792618629174
0 0.60078125 0.883128295254833 0.0703125 0.043936731107205626
0 0.6734375 0.8866432337434095 0.0640625 0.04481546572934974
0 0.3046875 0.19595782073813708 0.071875 0.04130052724077329
0 0.38046875 0.20123022847100175 0.0609375 0.043936731107205626
0 0.45078125 0.2078207381370826 0.0671875 0.04481546572934974
0 0.52578125 0.21221441124780316 0.0671875 0.04569420035149385
0 0.5984375 0.21616871704745166 0.065625 0.04481546572934974
0 0.67109375 0.22407732864674867 0.0671875 0.04481546572934974
0 0.73984375 0.22803163444639718 0.071875 0.04481546572934974
0 0.81484375 0.23330404217926187 0.0625 0.04130052724077329
0 0.32109375 0.12873462214411246 0.06875 0.043936731107205626
0 0.3953125 0.13181019332161686 0.0734375 0.043936731107205626
0 0.46796875 0.1366432337434095 0.075 0.04657293497363796
0 0.54375 0.13927943760984182 0.0609375 0.04481546572934974
0 0.6125 0.14586994727592267 0.065625 0.0421792618629174
0 0.6859375 0.15070298769771528 0.0625 0.037785588752196834
0 0.7578125 0.15597539543057998 0.0703125 0.0421792618629174
0 0.83125 0.1594903339191564 0.0703125 0.04481546572934974