0 0.23515625 0.14718804920913883 0.0375 0.0492091388400703
0 0.3671875 0.14762741652021089 0.040625 0.05008787346221441
0 0.49921875 0.7355008787346221 0.040625 0.05272407732864675
0 0.49921875 0.6384007029876977 0.040625 0.056239015817223195
0 0.63203125 0.14718804920913883 0.0390625 0.048330404217926184
0 0.49609375 0.14762741652021089 0.04375 0.04305799648506151
0 0.7671875 0.14982425307557118 0.04375 0.04130052724077329
0 0.76953125 0.2469244288224956 0.040625 0.043936731107205626
0 0.63515625 0.2469244288224956 0.0421875 0.043936731107205626
0 0.5 0.2482425307557118 0.053125 0.0421792618629174
0 0.36640625 0.2469244288224956 0.040625 0.040421792618629174
0 0.22890625 0.24736379613356765 0.0453125 0.04130052724077329
0 0.23125 0.34402460456942 0.0421875 0.04569420035149385
0 0.36640625 0.34402460456942 0.0421875 0.043936731107205626
0 0.4984375 0.3431458699472759 0.0515625 0.043936731107205626
0 0.634375 0.343585237258348 0.046875 0.04481546572934974
0 0.76796875 0.3444639718804921 0.04375 0.04130052724077329
0 0.22890625 0.44112478031634444 0.0453125 0.043936731107205626
0 0.36875 0.4406854130052724 0.0515625 0.043936731107205626
0 0.50078125 0.4398066783831283 0.046875 0.04481546572934974
0 0.6328125 0.4415641476274165 0.0453125 0.04569420035149385
0 0.7671875 0.4406854130052724 0.0421875 0.04481546572934974
0 0.76875 0.5399824253075571 0.04375 0.040421792618629174
0 0.63515625 0.5404217926186292 0.0484375 0.04305799648506151
0 0.50078125 0.5408611599297012 0.0453125 0.043936731107205626
0 0.36484375 0.5404217926186292 0.0484375 0.0421792618629174
0 0.23125 0.5404217926186292 0.0484375 0.0421792618629174
0 0.23046875 0.6375219683655536 0.0515625 0.043936731107205626
0 0.365625 0.6375219683655536 0.046875 0.043936731107205626
0 0.6328125 0.6375219683655536 0.05 0.04657293497363796
0 0.76875 0.6384007029876977 0.0453125 0.04569420035149385
0 0.76875 0.7337434094903339 0.0515625 0.04745166959578207
0 0.63515625 0.7350615114235501 0.046875 0.043936731107205626
0 0.365625 0.7363796133567663 0.0484375 0.043936731107205626
0 0.23125 0.7363796133567663 0.046875 0.043936731107205626
0 0.2328125 0.8339191564147628 0.0515625 0.043936731107205626
0 0.36484375 0.8330404217926186 0.0546875 0.04481546572934974
0 0.4953125 0.8326010544815465 0.05 0.04657293497363796
0 0.63515625 0.8330404217926186 0.04375 0.04481546572934974
0 0.7671875 0.8321616871704746 0.046875 0.04569420035149385