0 0.75859375 0.13268892794376097 0.05 0.03866432337434095
0 0.41328125 0.13268892794376097 0.05 0.03866432337434095
0 0.58671875 0.20518453427065025 0.05 0.03866432337434095
0 0.42421875 0.3523725834797891 0.0484375 0.03690685413005272
0 0.4125 0.2047451669595782 0.04375 0.03602811950790861
0 0.58671875 0.27855887521968364 0.046875 0.03602811950790861
0 0.41328125 0.2789982425307557 0.0484375 0.037785588752196834
0 0.759375 0.20518453427065025 0.0484375 0.03690685413005272
0 0.6 0.6449912126537786 0.034375 0.03690685413005272
0 0.240625 0.2047451669595782 0.0484375 0.037785588752196834
0 0.240625 0.3523725834797891 0.05 0.03690685413005272
0 0.2421875 0.13268892794376097 0.0515625 0.037785588752196834
0 0.240625 0.2781195079086116 0.0484375 0.037785588752196834
0 0.5859375 0.13224956063268892 0.05 0.03602811950790861
0 0.75859375 0.2789982425307557 0.0484375 0.037785588752196834
0 0.76796875 0.35193321616871703 0.0375 0.037785588752196834
0 0.6015625 0.351493848857645 0.0359375 0.03690685413005272
0 0.58828125 0.4257469244288225 0.0359375 0.037785588752196834
0 0.42421875 0.6441124780316344 0.0453125 0.03427065026362039
0 0.4140625 0.8646748681898067 0.0484375 0.037785588752196834
0 0.23515625 0.7192442882249561 0.0390625 0.04130052724077329
0 0.4109375 0.718365553602812 0.0390625 0.03866432337434095
0 0.7671875 0.7179261862917399 0.0359375 0.03690685413005272
0 0.7671875 0.4248681898066784 0.0375 0.037785588752196834
0 0.7671875 0.6449912126537786 0.0359375 0.037785588752196834
0 0.4140625 0.5711775043936731 0.0484375 0.03690685413005272
0 0.75859375 0.5716168717047452 0.046875 0.037785588752196834
0 0.240625 0.5716168717047452 0.046875 0.03602811950790861
0 0.5859375 0.8646748681898067 0.0484375 0.037785588752196834
0 0.5890625 0.718365553602812 0.0359375 0.037785588752196834
0 0.23359375 0.4239894551845343 0.0390625 0.03690685413005272
0 0.41015625 0.4248681898066784 0.0328125 0.037785588752196834
0 0.24140625 0.4991212653778559 0.0484375 0.03690685413005272
0 0.41328125 0.4982425307557118 0.05 0.03602811950790861
0 0.58671875 0.4986818980667838 0.05 0.037785588752196834
0 0.759375 0.4982425307557118 0.05 0.03690685413005272
0 0.5859375 0.5720562390158173 0.05 0.037785588752196834
0 0.240625 0.6454305799648506 0.0484375 0.03602811950790861
0 0.240625 0.7913005272407733 0.0515625 0.03954305799648506
0 0.41328125 0.7921792618629174 0.05 0.040421792618629174
0 0.5859375 0.7913005272407733 0.0515625 0.037785588752196834
0 0.759375 0.7917398945518453 0.05 0.037785588752196834
0 0.75859375 0.8646748681898067 0.05 0.037785588752196834
0 0.240625 0.8646748681898067 0.05 0.03690685413005272