0 0.40859375 0.5755711775043937 0.0578125 0.0492091388400703
0 0.7625 0.2078207381370826 0.059375 0.050966608084358524
0 0.40859375 0.8695079086115993 0.0609375 0.05536028119507909
0 0.40859375 0.718365553602812 0.05625 0.0492091388400703
0 0.76328125 0.1335676625659051 0.0625 0.05184534270650264
0 0.76328125 0.5008787346221442 0.059375 0.05008787346221441
0 0.76015625 0.8695079086115993 0.071875 0.05536028119507909
0 0.7625 0.35676625659050965 0.059375 0.054481546572934976
0 0.7625 0.27943760984182775 0.059375 0.048330404217926184
0 0.58203125 0.5013181019332161 0.059375 0.04657293497363796
0 0.76015625 0.5755711775043937 0.06875 0.050966608084358524
0 0.58125 0.13400702987697716 0.0609375 0.048330404217926184
0 0.7625 0.4288224956063269 0.059375 0.050966608084358524
0 0.58125 0.2095782073813708 0.059375 0.04745166959578207
0 0.23203125 0.28427065026362036 0.053125 0.050966608084358524
0 0.57734375 0.7174868189806678 0.046875 0.04569420035149385
0 0.57734375 0.8655536028119508 0.05 0.05008787346221441
0 0.41640625 0.7930579964850615 0.071875 0.050966608084358524
0 0.76015625 0.7218804920913884 0.0671875 0.0492091388400703
0 0.234375 0.21045694200351495 0.05625 0.050966608084358524
0 0.40390625 0.28646748681898065 0.0578125 0.05184534270650264
0 0.23828125 0.8690685413005272 0.0625 0.056239015817223195
0 0.23359375 0.42926186291739893 0.0546875 0.05008787346221441
0 0.24609375 0.6467486818980668 0.0703125 0.0492091388400703
0 0.58125 0.281195079086116 0.0578125 0.04657293497363796
0 0.4171875 0.6463093145869947 0.075 0.050966608084358524
0 0.40390625 0.2117750439367311 0.0578125 0.05272407732864675
0 0.58203125 0.4288224956063269 0.0578125 0.05008787346221441
0 0.234375 0.35808435852372583 0.05625 0.05008787346221441
0 0.57734375 0.5746924428822495 0.0453125 0.04569420035149385
0 0.24609375 0.7930579964850615 0.06875 0.0492091388400703
0 0.234375 0.5048330404217927 0.0546875 0.048330404217926184
0 0.403125 0.35808435852372583 0.059375 0.050966608084358524
0 0.403125 0.13488576449912126 0.059375 0.05008787346221441
0 0.234375 0.13488576449912126 0.0578125 0.0492091388400703
0 0.403125 0.43014059753954303 0.0578125 0.050966608084358524
0 0.58203125 0.3572056239015817 0.05625 0.0492091388400703
0 0.40390625 0.5052724077328646 0.05625 0.0492091388400703
0 0.23828125 0.7214411247803163 0.059375 0.05184534270650264
0 0.7640625 0.7926186291739895 0.0609375 0.05360281195079086
0 0.23828125 0.5755711775043937 0.059375 0.05184534270650264
0 0.7640625 0.6498242530755711 0.059375 0.05272407732864675
0 0.596875 0.6471880492091389 0.0890625 0.05272407732864675
0 0.59453125 0.7934973637961336 0.0984375 0.0492091388400703