0 0.43203125 0.8018453427065027 0.059375 0.05711775043936731
0 0.30625 0.812829525483304 0.0625 0.06063268892794376
0 0.67734375 0.7825131810193322 0.059375 0.05711775043936731
0 0.5546875 0.7926186291739895 0.0578125 0.05711775043936731
0 0.8 0.7728471001757469 0.059375 0.05711775043936731
0 0.51328125 0.1265377855887522 0.0625 0.05711775043936731
0 0.1453125 0.15597539543057998 0.0609375 0.054481546572934976
0 0.63671875 0.11731107205623902 0.0625 0.05711775043936731
0 0.6734375 0.2640597539543058 0.05625 0.05184534270650264
0 0.16015625 0.23066783831282953 0.0609375 0.043936731107205626
0 0.28359375 0.22012302284710017 0.0609375 0.04657293497363796
0 0.40859375 0.21133567662565905 0.059375 0.04657293497363796
0 0.53203125 0.20210896309314588 0.0546875 0.04569420035149385
0 0.653125 0.19156414762741653 0.0578125 0.04657293497363796
0 0.390625 0.13840070298769772 0.0578125 0.04745166959578207
0 0.26328125 0.14762741652021089 0.0578125 0.04569420035149385
0 0.1796875 0.30360281195079086 0.0625 0.04745166959578207
0 0.3046875 0.29393673110720564 0.0578125 0.05008787346221441
0 0.4265625 0.28339191564147626 0.0640625 0.04745166959578207
0 0.54609375 0.27460456942003514 0.059375 0.048330404217926184
0 0.56796875 0.34797891036906853 0.0546875 0.04569420035149385
0 0.6890625 0.3365553602811951 0.059375 0.04569420035149385
0 0.44375 0.3572056239015817 0.0546875 0.0492091388400703
0 0.3203125 0.3664323374340949 0.059375 0.04657293497363796
0 0.340625 0.4384885764499121 0.05625 0.04481546572934974
0 0.46171875 0.4288224956063269 0.0578125 0.04481546572934974
0 0.58359375 0.4187170474516696 0.0609375 0.04657293497363796
0 0.709375 0.4099297012302285 0.053125 0.043936731107205626
0 0.60546875 0.4916520210896309 0.0546875 0.04745166959578207
0 0.72734375 0.4811072056239016 0.0578125 0.04745166959578207
0 0.4765625 0.5017574692442882 0.0640625 0.04569420035149385
0 0.35546875 0.5105448154657294 0.059375 0.04481546572934974
0 0.2328125 0.5215289982425307 0.0640625 0.0492091388400703
0 0.196875 0.37565905096660807 0.05625 0.04657293497363796
0 0.2140625 0.44991212653778556 0.0609375 0.04569420035149385
0 0.25078125 0.594463971880492 0.05625 0.0492091388400703
0 0.3765625 0.5834797891036907 0.059375 0.04745166959578207
0 0.49765625 0.5742530755711776 0.053125 0.043936731107205626
0 0.6234375 0.5641476274165202 0.053125 0.043936731107205626
0 0.7453125 0.5540421792618629 0.053125 0.043936731107205626
0 0.2703125 0.6669595782073814 0.0546875 0.04569420035149385
0 0.39296875 0.656414762741652 0.0484375 0.043936731107205626
0 0.51484375 0.6476274165202109 0.053125 0.04569420035149385
0 0.63828125 0.6375219683655536 0.05625 0.04305799648506151
0 0.7640625 0.6278558875219684 0.05625 0.04481546572934974
0 0.28671875 0.7394551845342706 0.053125 0.0421792618629174
0 0.41015625 0.7289103690685413 0.05625 0.04305799648506151
0 0.534375 0.718804920913884 0.053125 0.043936731107205626
0 0.65859375 0.7100175746924429 0.059375 0.04745166959578207
0 0.7796875 0.6999121265377856 0.0515625 0.04481546572934974