0 0.81484375 0.14938488576449913 0.0734375 0.03690685413005272
0 0.546875 0.13576449912126537 0.05625 0.04569420035149385
0 0.42109375 0.1335676625659051 0.0546875 0.0351493848857645
0 0.29140625 0.1296133567662566 0.065625 0.043936731107205626
0 0.8078125 0.21924428822495606 0.0578125 0.04569420035149385
0 0.6359375 0.21309314586994726 0.053125 0.04657293497363796
0 0.45234375 0.21133567662565905 0.0890625 0.033391915641476276
0 0.27109375 0.19507908611599298 0.0734375 0.05799648506151142
0 0.259375 0.26845342706502634 0.06875 0.05272407732864675
0 0.415625 0.2697715289982425 0.0890625 0.06239015817223199
0 0.559375 0.27768014059753954 0.0609375 0.05008787346221441
0 0.7890625 0.28734622144112476 0.06875 0.06063268892794376
0 0.7015625 0.28734622144112476 0.0734375 0.05008787346221441
0 0.77890625 0.3541300527240773 0.06875 0.03602811950790861
0 0.7015625 0.3501757469244288 0.0578125 0.043936731107205626
0 0.625 0.3484182776801406 0.0640625 0.0421792618629174
0 0.55859375 0.343585237258348 0.06875 0.0421792618629174
0 0.484375 0.3405096660808436 0.06875 0.040421792618629174
0 0.4109375 0.3400702987697715 0.06875 0.04130052724077329
0 0.33828125 0.3365553602811951 0.065625 0.04305799648506151
0 0.265625 0.3330404217926186 0.0671875 0.04130052724077329
0 0.76875 0.40114235500878737 0.06875 0.04305799648506151
0 0.696875 0.39806678383128297 0.0671875 0.043936731107205626
0 0.6234375 0.3958699472759227 0.0640625 0.04130052724077329
0 0.55078125 0.3936731107205624 0.0734375 0.0421792618629174
0 0.47578125 0.390597539543058 0.06875 0.04305799648506151
0 0.4046875 0.38708260105448156 0.0671875 0.04130052724077329
0 0.33046875 0.38488576449912126 0.06875 0.0421792618629174
0 0.25859375 0.38137082601054484 0.065625 0.04130052724077329
0 0.7609375 0.4679261862917399 0.05625 0.0421792618629174
0 0.6875 0.4648506151142355 0.05625 0.04305799648506151
0 0.6171875 0.46133567662565905 0.0625 0.0421792618629174
0 0.54453125 0.45957820738137084 0.0609375 0.04481546572934974
0 0.4703125 0.45650263620386644 0.059375 0.043936731107205626
0 0.396875 0.45298769771528996 0.0578125 0.04481546572934974
0 0.32421875 0.44947275922671354 0.0609375 0.04657293497363796
0 0.2515625 0.4468365553602812 0.0609375 0.0421792618629174
0 0.75546875 0.539543057996485 0.071875 0.04745166959578207
0 0.68125 0.5377855887521968 0.0671875 0.04569420035149385
0 0.6078125 0.5338312829525483 0.0609375 0.04305799648506151
0 0.53359375 0.5320738137082601 0.0609375 0.04305799648506151
0 0.46171875 0.5285588752196837 0.059375 0.04481546572934974
0 0.38984375 0.5250439367311072 0.0640625 0.04569420035149385
0 0.31484375 0.5228471001757469 0.0578125 0.04481546572934974
0 0.24140625 0.5193321616871704 0.0578125 0.04657293497363796
0 0.74375 0.6137961335676626 0.0671875 0.04569420035149385
0 0.6703125 0.6102811950790861 0.065625 0.04657293497363796
0 0.59921875 0.6067662565905096 0.0578125 0.04569420035149385
0 0.525 0.6045694200351494 0.0640625 0.043936731107205626
0 0.4515625 0.6028119507908611 0.0671875 0.04481546572934974
0 0.37890625 0.5988576449912126 0.0625 0.04569420035149385
0 0.30625 0.5953427065026362 0.0640625 0.04569420035149385
0 0.23046875 0.593585237258348 0.0671875 0.04657293497363796
0 0.73515625 0.687170474516696 0.0625 0.04657293497363796
0 0.6609375 0.6827768014059754 0.0671875 0.048330404217926184
0 0.58828125 0.6810193321616872 0.0640625 0.043936731107205626
0 0.5171875 0.6761862917398945 0.065625 0.04745166959578207
0 0.44140625 0.6766256590509666 0.06875 0.0421792618629174
0 0.36796875 0.6735500878734623 0.0609375 0.04305799648506151
0 0.2984375 0.6678383128295254 0.059375 0.04305799648506151
0 0.225 0.6652021089630932 0.0625 0.04305799648506151
0 0.72734375 0.7614235500878734 0.06875 0.04657293497363796
0 0.6515625 0.7561511423550088 0.0625 0.043936731107205626
0 0.5796875 0.7548330404217927 0.0625 0.04569420035149385
0 0.5046875 0.7521968365553603 0.0625 0.0421792618629174
0 0.4328125 0.7478031634446397 0.065625 0.048330404217926184
0 0.3609375 0.7451669595782073 0.05625 0.0421792618629174
0 0.2875 0.7425307557117751 0.059375 0.04481546572934974
0 0.215625 0.7390158172231986 0.0703125 0.04130052724077329
0 0.71640625 0.8330404217926186 0.0671875 0.04657293497363796
0 0.64296875 0.8299648506151143 0.0625 0.04481546572934974
0 0.57109375 0.8268892794376098 0.0640625 0.04130052724077329
0 0.49609375 0.8242530755711776 0.0609375 0.043936731107205626
0 0.42578125 0.8216168717047452 0.06875 0.043936731107205626
0 0.3546875 0.819859402460457 0.0640625 0.040421792618629174
0 0.27734375 0.8154657293497364 0.059375 0.0421792618629174
0 0.2046875 0.81195079086116 0.065625 0.043936731107205626