0 0.1859375 0.15246045694200352 0.1 0.05184534270650264
0 0.31640625 0.14235500878734622 0.0890625 0.04745166959578207
0 0.54765625 0.13224956063268892 0.103125 0.05536028119507909
0 0.67734375 0.11731107205623902 0.090625 0.05008787346221441
0 0.17421875 0.22231985940246046 0.0578125 0.03954305799648506
0 0.2 0.29261862917398945 0.096875 0.0632688927943761
0 0.2640625 0.21924428822495606 0.0546875 0.03427065026362039
0 0.4046875 0.2148506151142355 0.05625 0.023725834797891036
0 0.5703125 0.2016695957820738 0.078125 0.04569420035149385
0 0.71171875 0.26054481546572933 0.096875 0.06502636203866433
0 0.6921875 0.19551845342706503 0.08125 0.043936731107205626
0 0.4546875 0.27548330404217924 0.084375 0.06678383128295255
0 0.2078125 0.36994727592267135 0.0703125 0.0421792618629174
0 0.453125 0.35896309314586994 0.1109375 0.05536028119507909
0 0.5625 0.3554481546572935 0.0640625 0.054481546572934976
0 0.71640625 0.3409490333919156 0.1 0.06063268892794376
0 0.21875 0.44903339191564146 0.0734375 0.04745166959578207
0 0.371875 0.4398066783831283 0.071875 0.05008787346221441
0 0.48515625 0.4318980667838313 0.0703125 0.04745166959578207
0 0.62890625 0.4191564147627416 0.065625 0.04305799648506151
0 0.7453125 0.4165202108963093 0.0703125 0.04481546572934974
0 0.2421875 0.5197715289982425 0.0671875 0.04569420035149385
0 0.3234375 0.5804042179261862 0.0796875 0.06239015817223199
0 0.371875 0.5140597539543058 0.0734375 0.05184534270650264
0 0.4671875 0.5052724077328646 0.0640625 0.04745166959578207
0 0.603125 0.5 0.071875 0.0492091388400703
0 0.746875 0.48857644991212656 0.078125 0.04657293497363796
0 0.47421875 0.569859402460457 0.0875 0.05975395430579965
0 0.62265625 0.5637082601054482 0.08125 0.05975395430579965
0 0.77421875 0.554920913884007 0.0828125 0.06063268892794376
0 0.26875 0.655536028119508 0.075 0.05975395430579965
0 0.44375 0.6445518453427065 0.071875 0.0641476274165202
0 0.6140625 0.6423550087873462 0.078125 0.05360281195079086
0 0.78203125 0.6291739894551845 0.0921875 0.05799648506151142
0 0.2953125 0.7319859402460457 0.1109375 0.05536028119507909
0 0.43515625 0.7245166959578208 0.09375 0.05184534270650264
0 0.72421875 0.7086994727592267 0.0640625 0.054481546572934976
0 0.8 0.7012302284710018 0.084375 0.056239015817223195
0 0.303125 0.8062390158172232 0.0921875 0.05360281195079086
0 0.8 0.7759226713532513 0.1 0.054481546572934976
0 0.425 0.8730228471001757 0.0796875 0.05711775043936731
0 0.571875 0.8624780316344464 0.0765625 0.0492091388400703
0 0.69765625 0.8536906854130053 0.0734375 0.05272407732864675
0 0.83359375 0.8484182776801406 0.0765625 0.05272407732864675