0 0.40859375 0.4266256590509666 0.0578125 0.05272407732864675
0 0.40859375 0.27987697715289983 0.0578125 0.0492091388400703
0 0.40859375 0.5746924428822495 0.0578125 0.05008787346221441
0 0.2390625 0.8686291739894552 0.0609375 0.05360281195079086
0 0.41875 0.8690685413005272 0.0609375 0.05360281195079086
0 0.40859375 0.718365553602812 0.05625 0.0492091388400703
0 0.5765625 0.4270650263620387 0.046875 0.048330404217926184
0 0.24609375 0.35676625659050965 0.0703125 0.05272407732864675
0 0.41640625 0.3554481546572935 0.071875 0.05184534270650264
0 0.759375 0.281195079086116 0.06875 0.05008787346221441
0 0.7515625 0.210896309314587 0.0625 0.04305799648506151
0 0.5640625 0.2086994727592267 0.059375 0.04130052724077329
0 0.76015625 0.5755711775043937 0.06875 0.0492091388400703
0 0.5765625 0.7170474516695958 0.046875 0.04569420035149385
0 0.24609375 0.5039543057996485 0.0703125 0.05360281195079086
0 0.759375 0.7218804920913884 0.0671875 0.0492091388400703
0 0.759375 0.4279437609841828 0.0671875 0.050966608084358524
0 0.39921875 0.20738137082601055 0.0765625 0.05184534270650264
0 0.41640625 0.7926186291739895 0.0703125 0.05008787346221441
0 0.24609375 0.6467486818980668 0.0703125 0.0492091388400703
0 0.4171875 0.4986818980667838 0.0734375 0.05184534270650264
0 0.4171875 0.6463093145869947 0.0734375 0.050966608084358524
0 0.578125 0.27943760984182775 0.0484375 0.04657293497363796
0 0.24453125 0.2126537785588752 0.0734375 0.04481546572934974
0 0.57734375 0.5742530755711776 0.046875 0.04657293497363796
0 0.2515625 0.13268892794376097 0.0765625 0.04481546572934974
0 0.575 0.13488576449912126 0.0625 0.0421792618629174
0 0.23828125 0.28471001757469244 0.0609375 0.05360281195079086
0 0.23828125 0.4275043936731107 0.059375 0.05360281195079086
0 0.24609375 0.7926186291739895 0.06875 0.0492091388400703
0 0.44296875 0.13312829525483305 0.0609375 0.040421792618629174
0 0.23828125 0.5751318101933216 0.059375 0.05272407732864675
0 0.23828125 0.7210017574692443 0.0578125 0.05184534270650264
0 0.5953125 0.8695079086115993 0.05625 0.050966608084358524
0 0.7640625 0.3563268892794376 0.059375 0.05272407732864675
0 0.75859375 0.13708260105448156 0.0734375 0.04305799648506151
0 0.7640625 0.6493848857644992 0.059375 0.05272407732864675
0 0.7640625 0.5026362038664324 0.059375 0.05184534270650264
0 0.76328125 0.7921792618629174 0.0609375 0.05272407732864675
0 0.596875 0.6471880492091389 0.0875 0.05272407732864675
0 0.5953125 0.35369068541300525 0.10625 0.05008787346221441
0 0.590625 0.5004393673110721 0.096875 0.043936731107205626
0 0.59609375 0.7930579964850615 0.090625 0.04569420035149385
0 0.76484375 0.867311072056239 0.075 0.04481546572934974