0 0.240625 0.36072056239015815 0.059375 0.048330404217926184
0 0.4953125 0.5808435852372583 0.0515625 0.0421792618629174
0 0.51015625 0.13840070298769772 0.0625 0.05711775043936731
0 0.6453125 0.14103690685413006 0.0609375 0.05272407732864675
0 0.7640625 0.5887521968365553 0.053125 0.0421792618629174
0 0.6296875 0.5109841827768014 0.0671875 0.05184534270650264
0 0.7609375 0.5087873462214412 0.0484375 0.043936731107205626
0 0.75703125 0.6586115992970123 0.059375 0.0492091388400703
0 0.76171875 0.6603690685413005 0.053125 0.04130052724077329
0 0.77109375 0.29393673110720564 0.05625 0.05008787346221441
0 0.50078125 0.4327768014059754 0.059375 0.05360281195079086
0 0.50390625 0.36379613356766255 0.0515625 0.04569420035149385
0 0.37890625 0.13840070298769772 0.0609375 0.05360281195079086
0 0.4953125 0.6568541300527241 0.0625 0.04657293497363796
0 0.49375 0.656414762741652 0.05 0.0421792618629174
0 0.2421875 0.28998242530755713 0.0625 0.048330404217926184
0 0.50625 0.28822495606326887 0.0546875 0.04745166959578207
0 0.2453125 0.2179261862917399 0.0609375 0.0492091388400703
0 0.6296875 0.5826010544815465 0.053125 0.04305799648506151
0 0.37578125 0.28734622144112476 0.0546875 0.04745166959578207
0 0.3734375 0.3615992970123023 0.053125 0.04657293497363796
0 0.64140625 0.29042179261862916 0.053125 0.04745166959578207
0 0.378125 0.218804920913884 0.05625 0.0492091388400703
0 0.6390625 0.36511423550087874 0.053125 0.04657293497363796
0 0.36484375 0.5795254833040422 0.0515625 0.0421792618629174
0 0.246875 0.13400702987697716 0.065625 0.05711775043936731
0 0.23671875 0.5839191564147628 0.0546875 0.0421792618629174
0 0.77109375 0.14543057996485062 0.1015625 0.061511423550087874
0 0.50703125 0.21748681898066785 0.06875 0.050966608084358524
0 0.640625 0.21924428822495606 0.0609375 0.0492091388400703
0 0.7703125 0.2179261862917399 0.0546875 0.04745166959578207
0 0.765625 0.3633567662565905 0.0625 0.050966608084358524
0 0.23828125 0.43409490333919154 0.06875 0.04745166959578207
0 0.3703125 0.43409490333919154 0.0796875 0.048330404217926184
0 0.6328125 0.43629173989455183 0.0640625 0.04745166959578207
0 0.7671875 0.43804920913884005 0.0671875 0.050966608084358524
0 0.23515625 0.5087873462214412 0.0640625 0.04657293497363796
0 0.365625 0.5087873462214412 0.0640625 0.04305799648506151
0 0.49609375 0.5096660808435852 0.0765625 0.056239015817223195
0 0.2296875 0.6533391915641477 0.0625 0.04481546572934974
0 0.3640625 0.655536028119508 0.0578125 0.04657293497363796
0 0.6265625 0.6577328646748682 0.0640625 0.04569420035149385
0 0.22578125 0.726274165202109 0.0609375 0.05008787346221441
0 0.35703125 0.7293497363796133 0.06875 0.04657293497363796
0 0.490625 0.7280316344463972 0.0671875 0.048330404217926184
0 0.62578125 0.7306678383128296 0.0625 0.048330404217926184
0 0.75859375 0.7333040421792618 0.0546875 0.0492091388400703
0 0.225 0.8005272407732865 0.059375 0.04657293497363796
0 0.3609375 0.8014059753954306 0.0609375 0.050966608084358524
0 0.48984375 0.8018453427065027 0.0578125 0.050966608084358524
0 0.62578125 0.8014059753954306 0.0671875 0.050966608084358524
0 0.75234375 0.804481546572935 0.0546875 0.050966608084358524
0 0.22578125 0.8730228471001757 0.05625 0.04657293497363796
0 0.35546875 0.8734622144112478 0.0546875 0.05184534270650264
0 0.4890625 0.875219683655536 0.05625 0.048330404217926184
0 0.61953125 0.8782952548330404 0.0609375 0.0421792618629174
0 0.75390625 0.8787346221441125 0.0625 0.05008787346221441