0 0.23671875 0.3633567662565905 0.0578125 0.04745166959578207
0 0.49765625 0.5808435852372583 0.05 0.04130052724077329
0 0.49921875 0.13840070298769772 0.0609375 0.056239015817223195
0 0.634375 0.13971880492091387 0.059375 0.05184534270650264
0 0.76640625 0.5861159929701231 0.0515625 0.04130052724077329
0 0.6296875 0.5096660808435852 0.065625 0.050966608084358524
0 0.7609375 0.5061511423550088 0.046875 0.04305799648506151
0 0.76171875 0.6559753954305799 0.0578125 0.048330404217926184
0 0.76484375 0.29130052724077327 0.0546875 0.0492091388400703
0 0.4984375 0.4327768014059754 0.0578125 0.05272407732864675
0 0.5 0.36379613356766255 0.05 0.04481546572934974
0 0.36796875 0.13971880492091387 0.059375 0.05272407732864675
0 0.5 0.6568541300527241 0.0609375 0.04569420035149385
0 0.2359375 0.29261862917398945 0.0609375 0.04745166959578207
0 0.5 0.28822495606326887 0.053125 0.04657293497363796
0 0.23671875 0.22056239015817222 0.059375 0.048330404217926184
0 0.63203125 0.5812829525483304 0.0515625 0.0421792618629174
0 0.36953125 0.28866432337434095 0.053125 0.04657293497363796
0 0.36953125 0.36291739894551844 0.0515625 0.04569420035149385
0 0.63515625 0.28910369068541303 0.0515625 0.04657293497363796
0 0.36953125 0.22012302284710017 0.0546875 0.048330404217926184
0 0.63515625 0.36379613356766255 0.0515625 0.04569420035149385
0 0.3671875 0.5808435852372583 0.05 0.04130052724077329
0 0.2359375 0.1366432337434095 0.0640625 0.056239015817223195
0 0.2390625 0.586555360281195 0.053125 0.04130052724077329
0 0.765625 0.14103690685413006 0.0765625 0.05711775043936731
0 0.4984375 0.21748681898066785 0.0671875 0.05008787346221441
0 0.63203125 0.2179261862917399 0.059375 0.048330404217926184
0 0.76171875 0.21528998242530756 0.053125 0.04657293497363796
0 0.76171875 0.36072056239015815 0.0609375 0.05008787346221441
0 0.2359375 0.4367311072056239 0.0671875 0.04657293497363796
0 0.36796875 0.4354130052724077 0.078125 0.04745166959578207
0 0.63046875 0.4349736379613357 0.0625 0.04657293497363796
0 0.76484375 0.4354130052724077 0.065625 0.05008787346221441
0 0.23515625 0.5114235500878734 0.0625 0.04569420035149385
0 0.365625 0.5101054481546573 0.0625 0.0421792618629174
0 0.49609375 0.5096660808435852 0.075 0.05536028119507909
0 0.234375 0.6559753954305799 0.0609375 0.043936731107205626
0 0.36875 0.6568541300527241 0.05625 0.04569420035149385
0 0.63125 0.656414762741652 0.0625 0.04481546572934974
0 0.2328125 0.7289103690685413 0.059375 0.0492091388400703
0 0.3640625 0.7306678383128296 0.0671875 0.04569420035149385
0 0.49765625 0.7280316344463972 0.065625 0.04745166959578207
0 0.6328125 0.7293497363796133 0.0609375 0.04745166959578207
0 0.765625 0.7306678383128296 0.053125 0.048330404217926184
0 0.234375 0.8031634446397188 0.0578125 0.04569420035149385
0 0.3703125 0.8027240773286467 0.059375 0.05008787346221441
0 0.49921875 0.8018453427065027 0.05625 0.05008787346221441
0 0.63515625 0.8000878734622144 0.065625 0.05008787346221441
0 0.76171875 0.8018453427065027 0.053125 0.05008787346221441
0 0.2375 0.8756590509666081 0.0546875 0.04569420035149385
0 0.3671875 0.874780316344464 0.053125 0.050966608084358524
0 0.50078125 0.875219683655536 0.0546875 0.04745166959578207
0 0.63125 0.8769771528998243 0.059375 0.04130052724077329
0 0.765625 0.8760984182776801 0.0609375 0.0492091388400703