0 0.846875 0.15905096660808435 0.075 0.03866432337434095
0 0.58046875 0.1375219683655536 0.0609375 0.04745166959578207
0 0.45546875 0.13181019332161686 0.05625 0.03690685413005272
0 0.3265625 0.12434094903339192 0.06875 0.04481546572934974
0 0.8328125 0.22847100175746923 0.0625 0.04745166959578207
0 0.6625 0.21748681898066785 0.0578125 0.04745166959578207
0 0.47890625 0.21045694200351495 0.0921875 0.0351493848857645
0 0.29921875 0.18848857644991213 0.078125 0.05975395430579965
0 0.28125 0.2618629173989455 0.0734375 0.05360281195079086
0 0.4375 0.26757469244288223 0.09375 0.06502636203866433
0 0.58046875 0.27987697715289983 0.0640625 0.05184534270650264
0 0.80859375 0.2961335676625659 0.0734375 0.061511423550087874
0 0.72109375 0.29349736379613356 0.0765625 0.05184534270650264
0 0.7921875 0.3624780316344464 0.0703125 0.037785588752196834
0 0.715625 0.3563268892794376 0.0625 0.04569420035149385
0 0.6390625 0.3523725834797891 0.0671875 0.04305799648506151
0 0.5734375 0.34578207381370824 0.071875 0.043936731107205626
0 0.49921875 0.3400702987697715 0.071875 0.0421792618629174
0 0.42578125 0.3378734622144112 0.071875 0.04305799648506151
0 0.35390625 0.3317223198594025 0.06875 0.043936731107205626
0 0.28125 0.3264499121265378 0.0703125 0.04305799648506151
0 0.77734375 0.4094903339191564 0.071875 0.04481546572934974
0 0.70625 0.4037785588752197 0.0703125 0.04569420035149385
0 0.6328125 0.3998242530755712 0.0671875 0.0421792618629174
0 0.5609375 0.3954305799648506 0.0765625 0.043936731107205626
0 0.4859375 0.39015817223198596 0.071875 0.04481546572934974
0 0.41484375 0.3844463971880492 0.0703125 0.04305799648506151
0 0.34140625 0.38005272407732865 0.071875 0.043936731107205626
0 0.2703125 0.37434094903339193 0.06875 0.0421792618629174
0 0.76328125 0.4758347978910369 0.059375 0.043936731107205626
0 0.690625 0.47012302284710017 0.059375 0.04481546572934974
0 0.62109375 0.4648506151142355 0.065625 0.043936731107205626
0 0.54765625 0.46089630931458697 0.065625 0.04657293497363796
0 0.47421875 0.45562390158172233 0.0640625 0.04569420035149385
0 0.4015625 0.44991212653778556 0.0625 0.04657293497363796
0 0.3296875 0.44420035149384884 0.065625 0.048330404217926184
0 0.25625 0.43936731107205623 0.0640625 0.043936731107205626
0 0.75078125 0.54701230228471 0.0765625 0.0492091388400703
0 0.67734375 0.5430579964850615 0.071875 0.04745166959578207
0 0.6046875 0.5369068541300527 0.0640625 0.04481546572934974
0 0.53046875 0.5329525483304042 0.0640625 0.04481546572934974
0 0.459375 0.5272407732864675 0.0640625 0.04657293497363796
0 0.3875 0.5219683655536028 0.06875 0.04657293497363796
0 0.3125 0.5171353251318102 0.0625 0.04657293497363796
0 0.23984375 0.5118629173989455 0.0625 0.048330404217926184
0 0.7328125 0.6208260105448155 0.071875 0.04745166959578207
0 0.66015625 0.6151142355008787 0.0703125 0.04745166959578207
0 0.5890625 0.6098418277680141 0.0625 0.04745166959578207
0 0.515625 0.6050087873462214 0.0671875 0.04481546572934974
0 0.44140625 0.601493848857645 0.071875 0.04657293497363796
0 0.36953125 0.5949033391915641 0.0671875 0.04745166959578207
0 0.29765625 0.5896309314586995 0.06875 0.04657293497363796
0 0.22265625 0.585676625659051 0.071875 0.048330404217926184
0 0.7171875 0.6937609841827768 0.0671875 0.048330404217926184
0 0.64375 0.687609841827768 0.0703125 0.0492091388400703
0 0.57109375 0.6832161687170475 0.0671875 0.04481546572934974
0 0.50078125 0.6761862917398945 0.0703125 0.048330404217926184
0 0.425 0.6744288224956063 0.071875 0.043936731107205626
0 0.35234375 0.6695957820738138 0.0640625 0.04481546572934974
0 0.2828125 0.6616871704745168 0.0625 0.04481546572934974
0 0.21015625 0.6568541300527241 0.065625 0.04481546572934974
0 0.703125 0.7675746924428822 0.0734375 0.048330404217926184
0 0.62734375 0.7601054481546573 0.0671875 0.04569420035149385
0 0.55546875 0.7565905096660809 0.0671875 0.04745166959578207
0 0.48125 0.7517574692442882 0.065625 0.043936731107205626
0 0.41015625 0.7456063268892794 0.06875 0.0492091388400703
0 0.33828125 0.7407732864674869 0.059375 0.043936731107205626
0 0.26484375 0.7359402460456942 0.0640625 0.04657293497363796
0 0.19375 0.7302284710017575 0.0734375 0.04305799648506151
0 0.68515625 0.8391915641476274 0.071875 0.048330404217926184
0 0.6125 0.8334797891036907 0.0671875 0.04657293497363796
0 0.540625 0.828646748681898 0.0671875 0.0421792618629174
0 0.46640625 0.8238137082601055 0.065625 0.04569420035149385
0 0.39609375 0.8189806678383128 0.071875 0.04569420035149385
0 0.325 0.8150263620386643 0.0671875 0.04130052724077329
0 0.2484375 0.8084358523725835 0.0625 0.043936731107205626
0 0.17578125 0.8031634446397188 0.06875 0.04481546572934974