0 0.7703125 0.13796133567662566 0.06875 0.03427065026362039
0 0.5015625 0.13488576449912126 0.0515625 0.043936731107205626
0 0.37578125 0.1375219683655536 0.05 0.033391915641476276
0 0.24609375 0.13884007029876977 0.0609375 0.04130052724077329
0 0.771875 0.2078207381370826 0.053125 0.043936731107205626
0 0.6 0.20826010544815465 0.0484375 0.04481546572934974
0 0.41640625 0.2139718804920914 0.0859375 0.029876977152899824
0 0.23359375 0.2047451669595782 0.0671875 0.05536028119507909
0 0.23125 0.27855887521968364 0.0625 0.05008787346221441
0 0.3875 0.27372583479789103 0.08125 0.05975395430579965
0 0.53203125 0.2759226713532513 0.0546875 0.048330404217926184
0 0.76171875 0.27636203866432335 0.0609375 0.05799648506151142
0 0.675 0.27987697715289983 0.0671875 0.04745166959578207
0 0.76015625 0.343585237258348 0.0640625 0.033391915641476276
0 0.6828125 0.3427065026362039 0.053125 0.0421792618629174
0 0.60625 0.34402460456942 0.059375 0.03954305799648506
0 0.5390625 0.34182776801405973 0.0640625 0.03954305799648506
0 0.46484375 0.3413884007029877 0.0640625 0.037785588752196834
0 0.39140625 0.34402460456942 0.0640625 0.03866432337434095
0 0.31875 0.3431458699472759 0.0609375 0.040421792618629174
0 0.2453125 0.3427065026362039 0.0625 0.03866432337434095
0 0.75546875 0.39103690685413006 0.0640625 0.040421792618629174
0 0.68359375 0.390597539543058 0.0625 0.04130052724077329
0 0.61015625 0.3914762741652021 0.059375 0.03866432337434095
0 0.5375 0.39191564147627417 0.06875 0.03954305799648506
0 0.4625 0.39191564147627417 0.0640625 0.040421792618629174
0 0.390625 0.39103690685413006 0.0625 0.03866432337434095
0 0.31640625 0.39191564147627417 0.0640625 0.03954305799648506
0 0.24453125 0.39103690685413006 0.0609375 0.03866432337434095
0 0.75625 0.45782073813708263 0.0515625 0.040421792618629174
0 0.6828125 0.45738137082601055 0.0515625 0.04130052724077329
0 0.6125 0.45694200351493847 0.0578125 0.040421792618629174
0 0.5390625 0.45782073813708263 0.05625 0.04305799648506151
0 0.46484375 0.45782073813708263 0.0546875 0.0421792618629174
0 0.39140625 0.45694200351493847 0.053125 0.04305799648506151
0 0.31875 0.45650263620386644 0.05625 0.04481546572934974
0 0.2453125 0.45650263620386644 0.05625 0.040421792618629174
0 0.759375 0.5294376098418277 0.0671875 0.04481546572934974
0 0.68515625 0.5307557117750439 0.0625 0.04305799648506151
0 0.61171875 0.5294376098418277 0.05625 0.04130052724077329
0 0.5375 0.5307557117750439 0.05625 0.04130052724077329
0 0.465625 0.5298769771528998 0.0546875 0.04305799648506151
0 0.39296875 0.5294376098418277 0.059375 0.04305799648506151
0 0.31796875 0.5298769771528998 0.053125 0.04305799648506151
0 0.24453125 0.5294376098418277 0.053125 0.04481546572934974
0 0.75703125 0.6041300527240774 0.0625 0.04305799648506151
0 0.68359375 0.6032513181019332 0.0609375 0.043936731107205626
0 0.6125 0.6028119507908611 0.053125 0.043936731107205626
0 0.53828125 0.6032513181019332 0.059375 0.04130052724077329
0 0.4640625 0.6045694200351494 0.0625 0.0421792618629174
0 0.39140625 0.6032513181019332 0.0578125 0.043936731107205626
0 0.31875 0.6028119507908611 0.059375 0.04305799648506151
0 0.24296875 0.6041300527240774 0.0625 0.043936731107205626
0 0.7578125 0.6775043936731108 0.0578125 0.04481546572934974
0 0.68359375 0.6761862917398945 0.0609375 0.04569420035149385
0 0.61015625 0.6770650263620387 0.059375 0.04130052724077329
0 0.5390625 0.6748681898066784 0.0609375 0.04481546572934974
0 0.46328125 0.6783831282952548 0.0640625 0.03954305799648506
0 0.38984375 0.6783831282952548 0.05625 0.04130052724077329
0 0.31953125 0.6753075571177505 0.0546875 0.04130052724077329
0 0.24609375 0.6757469244288224 0.0578125 0.04130052724077329
0 0.759375 0.7517574692442882 0.0640625 0.043936731107205626
0 0.6828125 0.7495606326889279 0.0578125 0.0421792618629174
0 0.6109375 0.7508787346221442 0.0578125 0.043936731107205626
0 0.5359375 0.7513181019332161 0.0578125 0.040421792618629174
0 0.4640625 0.75 0.059375 0.04569420035149385
0 0.39140625 0.75 0.0515625 0.040421792618629174
0 0.31796875 0.7504393673110721 0.0546875 0.04305799648506151
0 0.24609375 0.7495606326889279 0.065625 0.03866432337434095
0 0.75703125 0.8238137082601055 0.0625 0.043936731107205626
0 0.68359375 0.8233743409490334 0.0578125 0.04305799648506151
0 0.61171875 0.8233743409490334 0.059375 0.03866432337434095
0 0.53671875 0.8238137082601055 0.05625 0.0421792618629174
0 0.465625 0.8238137082601055 0.0640625 0.04130052724077329
0 0.39453125 0.8246924428822495 0.059375 0.037785588752196834
0 0.3171875 0.8233743409490334 0.0546875 0.040421792618629174
0 0.24375 0.8229349736379613 0.0609375 0.04130052724077329