0 0.6640625 0.11599297012302284 0.071875 0.0492091388400703
0 0.565625 0.12478031634446397 0.0640625 0.050966608084358524
0 0.471875 0.1335676625659051 0.0578125 0.04745166959578207
0 0.3765625 0.14191564147627417 0.059375 0.04745166959578207
0 0.23046875 0.15685413005272408 0.0640625 0.0421792618629174
0 0.134375 0.1634446397188049 0.0640625 0.048330404217926184
0 0.684375 0.18760984182776802 0.0671875 0.05272407732864675
0 0.50703125 0.20650263620386644 0.059375 0.04569420035149385
0 0.3328125 0.21836555360281196 0.06875 0.05008787346221441
0 0.1546875 0.23813708260105448 0.0609375 0.05008787346221441
0 0.6890625 0.2596660808435852 0.0890625 0.0492091388400703
0 0.5671875 0.2750439367311072 0.0875 0.043936731107205626
0 0.453125 0.28471001757469244 0.1 0.05799648506151142
0 0.278125 0.29701230228471004 0.1 0.05975395430579965
0 0.17578125 0.3110720562390158 0.0578125 0.03954305799648506
0 0.73125 0.3343585237258348 0.065625 0.03251318101933216
0 0.55 0.3501757469244288 0.103125 0.058875219683655534
0 0.35078125 0.3633567662565905 0.1015625 0.054481546572934976
0 0.21796875 0.38093145869947276 0.1 0.05536028119507909
0 0.72578125 0.40509666080843587 0.1015625 0.05536028119507909
0 0.578125 0.4182776801405975 0.065625 0.03690685413005272
0 0.46640625 0.43014059753954303 0.0546875 0.03251318101933216
0 0.39609375 0.4336555360281195 0.08125 0.04657293497363796
0 0.23203125 0.45254833040421794 0.0921875 0.04745166959578207
0 0.753125 0.4780316344463972 0.0796875 0.043936731107205626
0 0.64140625 0.4868189806678383 0.08125 0.0492091388400703
0 0.52109375 0.4978031634446397 0.0921875 0.05184534270650264
0 0.390625 0.5101054481546573 0.096875 0.05184534270650264
0 0.25546875 0.5202108963093146 0.0984375 0.05711775043936731
0 0.79609375 0.6032513181019332 0.0640625 0.03427065026362039
0 0.76640625 0.5557996485061512 0.1015625 0.054481546572934976
0 0.63046875 0.5597539543057997 0.09375 0.0492091388400703
0 0.5015625 0.5738137082601055 0.0890625 0.05184534270650264
0 0.37421875 0.5874340949033392 0.078125 0.05008787346221441
0 0.27421875 0.6687170474516696 0.071875 0.0492091388400703
0 0.27265625 0.6199472759226714 0.075 0.033391915641476276
0 0.59140625 0.6410369068541301 0.084375 0.058875219683655534
0 0.43359375 0.655536028119508 0.0828125 0.058875219683655534
0 0.8203125 0.6915641476274165 0.1015625 0.0632688927943761
0 0.65234375 0.710896309314587 0.0953125 0.0632688927943761
0 0.48984375 0.726713532513181 0.0921875 0.05799648506151142
0 0.31484375 0.7403339191564148 0.1046875 0.05536028119507909
0 0.82578125 0.7710896309314587 0.1 0.0641476274165202
0 0.69375 0.7820738137082601 0.1 0.06590509666080843
0 0.56328125 0.7926186291739895 0.09375 0.058875219683655534
0 0.43046875 0.8040421792618629 0.090625 0.054481546572934976
0 0.31640625 0.8154657293497364 0.08125 0.058875219683655534
0 0.87109375 0.8396309314586995 0.0734375 0.048330404217926184
0 0.7671875 0.8519332161687171 0.05 0.03866432337434095
0 0.6625 0.8611599297012302 0.0609375 0.04305799648506151
0 0.55546875 0.8708260105448155 0.0578125 0.04305799648506151
0 0.44453125 0.8743409490333919 0.0671875 0.056239015817223195
0 0.3328125 0.8910369068541301 0.0484375 0.040421792618629174