0 0.76328125 0.13005272407732865 0.0578125 0.05008787346221441
0 0.65 0.13400702987697716 0.046875 0.03866432337434095
0 0.50625 0.13840070298769772 0.046875 0.03602811950790861
0 0.3625 0.1366432337434095 0.046875 0.043936731107205626
0 0.21484375 0.13840070298769772 0.0484375 0.0421792618629174
0 0.76171875 0.21045694200351495 0.0578125 0.04745166959578207
0 0.634375 0.210896309314587 0.05 0.04305799648506151
0 0.50703125 0.21221441124780316 0.0453125 0.0421792618629174
0 0.37109375 0.21353251318101935 0.071875 0.04481546572934974
0 0.2234375 0.2100175746924429 0.0609375 0.037785588752196834
0 0.759375 0.2789982425307557 0.05625 0.03602811950790861
0 0.60546875 0.27943760984182775 0.0515625 0.033391915641476276
0 0.43359375 0.28075571177504394 0.065625 0.0492091388400703
0 0.23984375 0.28690685413005274 0.078125 0.0492091388400703
0 0.74921875 0.3532513181019332 0.1 0.043936731107205626
0 0.57421875 0.351493848857645 0.0921875 0.05272407732864675
0 0.45859375 0.3523725834797891 0.0953125 0.05360281195079086
0 0.2546875 0.3563268892794376 0.09375 0.050966608084358524
0 0.74375 0.4239894551845343 0.096875 0.04657293497363796
0 0.59765625 0.4253075571177504 0.059375 0.03602811950790861
0 0.4703125 0.4275043936731107 0.059375 0.028119507908611598
0 0.36875 0.4305799648506151 0.0796875 0.050966608084358524
0 0.24921875 0.4288224956063269 0.0828125 0.04305799648506151
0 0.7515625 0.4960456942003515 0.0765625 0.040421792618629174
0 0.6375 0.4973637961335677 0.06875 0.03866432337434095
0 0.4828125 0.5061511423550088 0.0796875 0.04657293497363796
0 0.38203125 0.5711775043936731 0.0796875 0.06063268892794376
0 0.340625 0.5057117750439367 0.078125 0.03866432337434095
0 0.24453125 0.5021968365553603 0.0828125 0.04745166959578207
0 0.75546875 0.5694200351493849 0.0703125 0.03954305799648506
0 0.6328125 0.5720562390158173 0.0609375 0.03690685413005272
0 0.52578125 0.5738137082601055 0.0828125 0.05360281195079086
0 0.23671875 0.5733743409490334 0.071875 0.05711775043936731
0 0.7703125 0.6401581722319859 0.08125 0.05799648506151142
0 0.6015625 0.6432337434094904 0.0875 0.05799648506151142
0 0.415625 0.6441124780316344 0.075 0.05799648506151142
0 0.2421875 0.6458699472759226 0.075 0.056239015817223195
0 0.77109375 0.7148506151142355 0.0875 0.05360281195079086
0 0.590625 0.7170474516695958 0.075 0.05975395430579965
0 0.42109375 0.7179261862917399 0.06875 0.05799648506151142
0 0.2421875 0.7174868189806678 0.0734375 0.058875219683655534
0 0.775 0.7877855887521968 0.065625 0.05975395430579965
0 0.59609375 0.7908611599297012 0.06875 0.054481546572934976
0 0.42578125 0.7926186291739895 0.0734375 0.054481546572934976
0 0.24609375 0.7948154657293497 0.0796875 0.054481546572934976
0 0.778125 0.8589630931458699 0.0734375 0.061511423550087874
0 0.63671875 0.8611599297012302 0.065625 0.05360281195079086
0 0.5609375 0.8646748681898067 0.0609375 0.05360281195079086
0 0.48515625 0.8637961335676626 0.0671875 0.054481546572934976
0 0.40859375 0.8659929701230229 0.0734375 0.05799648506151142
0 0.3265625 0.8646748681898067 0.0625 0.058875219683655534
0 0.246875 0.8664323374340949 0.065625 0.05711775043936731