0 0.76328125 0.1366432337434095 0.0828125 0.056239015817223195
0 0.65703125 0.1344463971880492 0.0703125 0.05184534270650264
0 0.54140625 0.13224956063268892 0.0625 0.05975395430579965
0 0.253125 0.13620386643233742 0.0859375 0.05536028119507909
0 0.65390625 0.2016695957820738 0.075 0.05360281195079086
0 0.51796875 0.20342706502636204 0.0703125 0.04657293497363796
0 0.38671875 0.20430579964850615 0.065625 0.05184534270650264
0 0.2484375 0.20430579964850615 0.090625 0.056239015817223195
0 0.7640625 0.27680140597539543 0.0859375 0.05536028119507909
0 0.6265625 0.27680140597539543 0.071875 0.058875219683655534
0 0.49453125 0.28075571177504394 0.0640625 0.0492091388400703
0 0.36640625 0.27987697715289983 0.0640625 0.04745166959578207
0 0.2375 0.27680140597539543 0.0828125 0.058875219683655534
0 0.23984375 0.43717047451669594 0.0703125 0.05799648506151142
0 0.24140625 0.35500878734622143 0.0609375 0.0492091388400703
0 0.50546875 0.429701230228471 0.0734375 0.061511423550087874
0 0.6375 0.4231107205623902 0.0734375 0.058875219683655534
0 0.7703125 0.42926186291739893 0.0796875 0.054481546572934976
0 0.765625 0.34973637961335674 0.075 0.056239015817223195
0 0.66015625 0.3510544815465729 0.0578125 0.056239015817223195
0 0.55625 0.3541300527240773 0.065625 0.05272407732864675
0 0.45625 0.3532513181019332 0.059375 0.048330404217926184
0 0.62578125 0.4978031634446397 0.0640625 0.043936731107205626
0 0.6796875 0.570298769771529 0.059375 0.05008787346221441
0 0.52734375 0.569859402460457 0.0734375 0.05008787346221441
0 0.38515625 0.5672231985940246 0.06875 0.05711775043936731
0 0.2328125 0.5716168717047452 0.0640625 0.05008787346221441
0 0.7421875 0.6524604569420035 0.090625 0.0492091388400703
0 0.5984375 0.6480667838312829 0.078125 0.05536028119507909
0 0.33046875 0.7144112478031635 0.078125 0.061511423550087874
0 0.3328125 0.6489455184534271 0.053125 0.0492091388400703
0 0.2328125 0.6454305799648506 0.0734375 0.05008787346221441
0 0.23125 0.7271528998242531 0.05 0.04657293497363796
0 0.7484375 0.7952548330404218 0.0875 0.056239015817223195
0 0.64140625 0.7934973637961336 0.078125 0.05184534270650264
0 0.54140625 0.7917398945518453 0.078125 0.056239015817223195
0 0.46328125 0.7978910369068541 0.0546875 0.03866432337434095
0 0.23125 0.7978910369068541 0.0453125 0.043936731107205626
0 0.7734375 0.8677504393673111 0.059375 0.04657293497363796
0 0.640625 0.8686291739894552 0.05625 0.04481546572934974
0 0.5140625 0.8651142355008787 0.059375 0.0421792618629174
0 0.23125 0.874780316344464 0.071875 0.04130052724077329