0 0.24140625 0.577768014059754 0.0640625 0.04305799648506151
0 0.315625 0.5790861159929701 0.0515625 0.04130052724077329
0 0.3875 0.5817223198594025 0.0546875 0.040421792618629174
0 0.4625 0.5808435852372583 0.0578125 0.0421792618629174
0 0.5359375 0.5795254833040422 0.059375 0.03602811950790861
0 0.60859375 0.5804042179261862 0.059375 0.0421792618629174
0 0.68125 0.5817223198594025 0.0515625 0.04481546572934974
0 0.7515625 0.578646748681898 0.065625 0.04569420035149385
0 0.23828125 0.6533391915641477 0.06875 0.037785588752196834
0 0.3171875 0.6520210896309314 0.0546875 0.037785588752196834
0 0.3875 0.6533391915641477 0.0546875 0.037785588752196834
0 0.4625 0.6537785588752196 0.053125 0.037785588752196834
0 0.53203125 0.6542179261862917 0.0546875 0.040421792618629174
0 0.61171875 0.6528998242530756 0.0625 0.03954305799648506
0 0.67890625 0.6520210896309314 0.059375 0.03602811950790861
0 0.75625 0.6520210896309314 0.065625 0.04130052724077329
0 0.2421875 0.5087873462214412 0.0609375 0.04130052724077329
0 0.31796875 0.5074692442882249 0.0625 0.03954305799648506
0 0.3875 0.5070298769771528 0.0625 0.03602811950790861
0 0.46484375 0.5070298769771528 0.053125 0.03602811950790861
0 0.5359375 0.5070298769771528 0.0546875 0.03602811950790861
0 0.61015625 0.5070298769771528 0.0546875 0.040421792618629174
0 0.6796875 0.5065905096660809 0.0609375 0.03866432337434095
0 0.7546875 0.5065905096660809 0.0703125 0.03690685413005272
0 0.240625 0.7284710017574693 0.0703125 0.043936731107205626
0 0.31953125 0.7275922671353251 0.05625 0.04130052724077329
0 0.39140625 0.7275922671353251 0.0546875 0.04130052724077329
0 0.46171875 0.7275922671353251 0.0625 0.03954305799648506
0 0.5359375 0.7284710017574693 0.0671875 0.04130052724077329
0 0.6109375 0.7289103690685413 0.0578125 0.04481546572934974
0 0.68046875 0.7284710017574693 0.0625 0.03954305799648506
0 0.75625 0.726274165202109 0.05 0.03954305799648506
0 0.24296875 0.7987697715289982 0.0625 0.04481546572934974
0 0.3140625 0.7978910369068541 0.05625 0.0421792618629174
0 0.38671875 0.8005272407732865 0.053125 0.04569420035149385
0 0.46484375 0.8000878734622144 0.053125 0.033391915641476276
0 0.53671875 0.7992091388400703 0.059375 0.040421792618629174
0 0.60703125 0.8014059753954306 0.0578125 0.04481546572934974
0 0.678125 0.7983304042179262 0.0625 0.040421792618629174
0 0.7578125 0.7996485061511424 0.0578125 0.03866432337434095
0 0.23984375 0.8756590509666081 0.065625 0.04130052724077329
0 0.3140625 0.875219683655536 0.0609375 0.03690685413005272
0 0.3859375 0.8739015817223199 0.059375 0.040421792618629174
0 0.45859375 0.8721441124780316 0.065625 0.04305799648506151
0 0.534375 0.8734622144112478 0.0625 0.04130052724077329
0 0.60703125 0.875219683655536 0.065625 0.04305799648506151
0 0.68046875 0.875219683655536 0.059375 0.04569420035149385
0 0.75625 0.8734622144112478 0.0625 0.04130052724077329
0 0.2421875 0.14147627416520211 0.0578125 0.03866432337434095
0 0.31796875 0.14235500878734622 0.053125 0.040421792618629174
0 0.38984375 0.14103690685413006 0.0625 0.040421792618629174
0 0.465625 0.14147627416520211 0.05625 0.03602811950790861
0 0.5375 0.14191564147627417 0.0625 0.03866432337434095
0 0.60859375 0.14191564147627417 0.059375 0.03954305799648506
0 0.68046875 0.14191564147627417 0.0625 0.03954305799648506
0 0.759375 0.14103690685413006 0.065625 0.037785588752196834
0 0.240625 0.2139718804920914 0.059375 0.03602811950790861
0 0.31875 0.2139718804920914 0.0671875 0.037785588752196834
0 0.390625 0.21353251318101935 0.0609375 0.0421792618629174
0 0.46328125 0.2139718804920914 0.059375 0.04130052724077329
0 0.5328125 0.21441124780316345 0.059375 0.03954305799648506
0 0.60703125 0.2139718804920914 0.0578125 0.03954305799648506
0 0.68203125 0.2157293497363796 0.0625 0.03954305799648506
0 0.75859375 0.21441124780316345 0.0625 0.0351493848857645
0 0.24140625 0.28690685413005274 0.0671875 0.0421792618629174
0 0.31484375 0.28822495606326887 0.059375 0.03690685413005272
0 0.38984375 0.28866432337434095 0.059375 0.03866432337434095
0 0.46171875 0.28734622144112476 0.059375 0.03954305799648506
0 0.53671875 0.28866432337434095 0.059375 0.03866432337434095
0 0.6078125 0.28998242530755713 0.0625 0.03690685413005272
0 0.6828125 0.28866432337434095 0.05625 0.03866432337434095
0 0.7546875 0.28822495606326887 0.0671875 0.03690685413005272
0 0.24375 0.36291739894551844 0.0578125 0.043936731107205626
0 0.31953125 0.36072056239015815 0.0546875 0.03690685413005272
0 0.39140625 0.36203866432337434 0.0546875 0.040421792618629174
0 0.4609375 0.36115992970123023 0.06875 0.03690685413005272
0 0.5359375 0.36072056239015815 0.0625 0.03866432337434095
0 0.60625 0.3615992970123023 0.059375 0.04657293497363796
0 0.68203125 0.3615992970123023 0.0578125 0.03866432337434095
0 0.76015625 0.36072056239015815 0.06875 0.0421792618629174
0 0.24296875 0.4354130052724077 0.0625 0.0351493848857645
0 0.31484375 0.4349736379613357 0.0625 0.03427065026362039
0 0.39140625 0.4327768014059754 0.0625 0.03427065026362039
0 0.46171875 0.43321616871704743 0.059375 0.0351493848857645
0 0.5359375 0.4345342706502636 0.059375 0.03602811950790861
0 0.61015625 0.4354130052724077 0.0671875 0.0421792618629174
0 0.6828125 0.43629173989455183 0.0640625 0.043936731107205626
0 0.7546875 0.43409490333919154 0.0625 0.043936731107205626