0 0.41875 0.7934973637961336 0.0609375 0.05272407732864675
0 0.40859375 0.20826010544815465 0.0578125 0.0492091388400703
0 0.7625 0.3572056239015817 0.059375 0.05360281195079086
0 0.40859375 0.6467486818980668 0.05625 0.048330404217926184
0 0.2390625 0.7934973637961336 0.059375 0.05272407732864675
0 0.76015625 0.2095782073813708 0.0671875 0.048330404217926184
0 0.4171875 0.2820738137082601 0.075 0.05272407732864675
0 0.7625 0.42926186291739893 0.0578125 0.05008787346221441
0 0.7625 0.5760105448154658 0.059375 0.0492091388400703
0 0.58203125 0.8703866432337434 0.0578125 0.0492091388400703
0 0.759375 0.6463093145869947 0.0671875 0.05008787346221441
0 0.24609375 0.28163444639718804 0.0703125 0.05184534270650264
0 0.41640625 0.7214411247803163 0.071875 0.05008787346221441
0 0.76328125 0.8695079086115993 0.0625 0.05360281195079086
0 0.7625 0.5008787346221442 0.0578125 0.0492091388400703
0 0.5765625 0.20518453427065025 0.046875 0.04657293497363796
0 0.7640625 0.28031634446397186 0.059375 0.05184534270650264
0 0.57734375 0.6463093145869947 0.046875 0.04569420035149385
0 0.76953125 0.7939367311072056 0.05625 0.048330404217926184
0 0.5953125 0.7930579964850615 0.0546875 0.0492091388400703
0 0.234375 0.42926186291739893 0.0546875 0.0492091388400703
0 0.58203125 0.5768892794376098 0.059375 0.048330404217926184
0 0.41640625 0.1344463971880492 0.0703125 0.048330404217926184
0 0.58203125 0.4288224956063269 0.0578125 0.0492091388400703
0 0.58203125 0.5008787346221442 0.0578125 0.04657293497363796
0 0.58203125 0.3572056239015817 0.05625 0.05008787346221441
0 0.2390625 0.2095782073813708 0.0609375 0.05272407732864675
0 0.234375 0.5048330404217927 0.0546875 0.048330404217926184
0 0.24609375 0.7218804920913884 0.0703125 0.0492091388400703
0 0.403125 0.35764499121265375 0.059375 0.05184534270650264
0 0.23203125 0.5782073813708261 0.053125 0.0492091388400703
0 0.234375 0.35808435852372583 0.0546875 0.05008787346221441
0 0.403125 0.43014059753954303 0.0578125 0.050966608084358524
0 0.23203125 0.8712653778558875 0.0546875 0.05008787346221441
0 0.403125 0.5057117750439367 0.05625 0.05008787346221441
0 0.596875 0.28295254833040423 0.0875 0.050966608084358524
0 0.76328125 0.7210017574692443 0.059375 0.050966608084358524
0 0.2375 0.6502636203866432 0.0578125 0.050966608084358524
0 0.4046875 0.5768892794376098 0.05625 0.05008787346221441
0 0.59765625 0.13488576449912126 0.1 0.05008787346221441
0 0.76796875 0.13488576449912126 0.0703125 0.048330404217926184
0 0.23828125 0.1335676625659051 0.084375 0.05184534270650264
0 0.403125 0.8646748681898067 0.0546875 0.05008787346221441
0 0.59609375 0.718365553602812 0.0859375 0.05008787346221441