0 0.49296875 0.1282952548330404 0.0796875 0.05360281195079086
0 0.6625 0.29481546572934975 0.071875 0.04745166959578207
0 0.33125 0.2561511423550088 0.1 0.061511423550087874
0 0.6578125 0.37170474516695956 0.096875 0.058875219683655534
0 0.7953125 0.3804920913884007 0.1 0.06239015817223199
0 0.5765625 0.5782073813708261 0.096875 0.054481546572934976
0 0.2484375 0.843585237258348 0.0984375 0.05184534270650264
0 0.7203125 0.5966608084358523 0.1 0.056239015817223195
0 0.24765625 0.45650263620386644 0.05625 0.03690685413005272
0 0.7046875 0.22407732864674867 0.0984375 0.06239015817223199
0 0.296875 0.3308435852372584 0.0734375 0.048330404217926184
0 0.22734375 0.5461335676625659 0.0796875 0.05272407732864675
0 0.3234375 0.6269771528998243 0.0890625 0.05184534270650264
0 0.41640625 0.4130052724077329 0.090625 0.050966608084358524
0 0.8421875 0.2429701230228471 0.096875 0.05711775043936731
0 0.27890625 0.40597539543058 0.0859375 0.05008787346221441
0 0.4125 0.3413884007029877 0.0765625 0.05272407732864675
0 0.64375 0.81195079086116 0.09375 0.05536028119507909
0 0.784375 0.15685413005272408 0.0984375 0.06239015817223199
0 0.3765625 0.11555360281195079 0.0796875 0.05008787346221441
0 0.48046875 0.2750439367311072 0.05625 0.04130052724077329
0 0.2953125 0.7776801405975395 0.0953125 0.05711775043936731
0 0.36875 0.5645869947275922 0.0921875 0.05536028119507909
0 0.67265625 0.7434094903339191 0.078125 0.0492091388400703
0 0.50078125 0.7952548330404218 0.096875 0.054481546572934976
0 0.54375 0.4279437609841828 0.0734375 0.0421792618629174
0 0.74921875 0.5250439367311072 0.071875 0.04305799648506151
0 0.82109375 0.31370826010544817 0.0765625 0.04657293497363796
0 0.50859375 0.20650263620386644 0.0953125 0.05711775043936731
0 0.5703125 0.5048330404217927 0.05625 0.04305799648506151
0 0.13125 0.8383128295254832 0.0953125 0.058875219683655534
0 0.53046875 0.35588752196836554 0.0890625 0.05799648506151142
0 0.66875 0.44595782073813706 0.075 0.0421792618629174
0 0.515625 0.8760984182776801 0.059375 0.043936731107205626
0 0.153125 0.7623022847100176 0.078125 0.05008787346221441
0 0.39140625 0.8598418277680141 0.059375 0.04481546572934974
0 0.590625 0.6590509666080844 0.0578125 0.04130052724077329
0 0.6921875 0.6766256590509666 0.0890625 0.05360281195079086
0 0.1828125 0.687609841827768 0.09375 0.05360281195079086
0 0.20546875 0.6225834797891037 0.0890625 0.0492091388400703
0 0.5890625 0.28646748681898065 0.05625 0.040421792618629174
0 0.88359375 0.17442882249560632 0.0578125 0.040421792618629174
0 0.4859375 0.7192442882249561 0.059375 0.043936731107205626
0 0.41015625 0.4903339191564148 0.0625 0.04569420035149385
0 0.6140625 0.14367311072056238 0.0953125 0.05711775043936731
0 0.77421875 0.4806678383128295 0.053125 0.03602811950790861
0 0.3109375 0.7021089630931459 0.0609375 0.04481546572934974
0 0.46640625 0.6436731107205624 0.0609375 0.04481546572934974
0 0.6203125 0.8914762741652021 0.0953125 0.05272407732864675
0 0.3359375 0.18936731107205623 0.059375 0.03954305799648506