0 0.1921875 0.1586115992970123 0.04375 0.050966608084358524
0 0.3234375 0.15377855887521968 0.046875 0.05184534270650264
0 0.528125 0.7350615114235501 0.046875 0.054481546572934976
0 0.51640625 0.6379613356766256 0.046875 0.05799648506151142
0 0.58828125 0.14279437609841827 0.0453125 0.05008787346221441
0 0.45234375 0.14850615114235502 0.0484375 0.04481546572934974
0 0.7234375 0.14015817223198593 0.0484375 0.04305799648506151
0 0.7375 0.23681898066783832 0.0453125 0.04569420035149385
0 0.603125 0.242091388400703 0.046875 0.04569420035149385
0 0.46875 0.24868189806678384 0.0578125 0.043936731107205626
0 0.33515625 0.2526362038664323 0.0453125 0.0421792618629174
0 0.1984375 0.2587873462214411 0.05 0.04305799648506151
0 0.2125 0.35500878734622143 0.0484375 0.04745166959578207
0 0.34765625 0.34973637961335674 0.046875 0.04569420035149385
0 0.47890625 0.343585237258348 0.05625 0.04569420035149385
0 0.61484375 0.3387521968365554 0.0515625 0.04657293497363796
0 0.74765625 0.3343585237258348 0.0484375 0.04305799648506151
0 0.221875 0.45210896309314585 0.05 0.04569420035149385
0 0.36171875 0.44595782073813706 0.05625 0.04569420035149385
0 0.49296875 0.4398066783831283 0.0515625 0.04657293497363796
0 0.625 0.43629173989455183 0.0515625 0.04745166959578207
0 0.759375 0.43014059753954303 0.046875 0.04657293497363796
0 0.7734375 0.5294376098418277 0.0484375 0.0421792618629174
0 0.63984375 0.5351493848857645 0.053125 0.04481546572934974
0 0.50546875 0.5408611599297012 0.05 0.04569420035149385
0 0.3703125 0.5456942003514939 0.053125 0.043936731107205626
0 0.23671875 0.5509666080843585 0.053125 0.043936731107205626
0 0.2484375 0.6476274165202109 0.05625 0.04569420035149385
0 0.3828125 0.6423550087873462 0.0515625 0.04569420035149385
0 0.64921875 0.6318101933216169 0.05625 0.048330404217926184
0 0.78515625 0.6274165202108963 0.0515625 0.04745166959578207
0 0.796875 0.7227592267135325 0.0578125 0.0492091388400703
0 0.6640625 0.7293497363796133 0.0515625 0.04569420035149385
0 0.3953125 0.7412126537785588 0.053125 0.04569420035149385
0 0.2609375 0.7464850615114236 0.0515625 0.04569420035149385
0 0.275 0.843585237258348 0.05625 0.04569420035149385
0 0.40625 0.8374340949033392 0.059375 0.04657293497363796
0 0.53671875 0.8321616871704746 0.05625 0.048330404217926184
0 0.67578125 0.8268892794376098 0.0484375 0.04657293497363796
0 0.8078125 0.820738137082601 0.053125 0.04745166959578207