0 0.159375 0.11731107205623902 0.06171875 0.043497363796133566
0 0.26640625 0.11862917398945519 0.04296875 0.03866432337434095
0 0.3703125 0.11818980667838312 0.0453125 0.04305799648506151
0 0.47421875 0.11862917398945519 0.04765625 0.03866432337434095
0 0.58125 0.11775043936731107 0.0375 0.0421792618629174
0 0.68515625 0.11818980667838312 0.0453125 0.04305799648506151
0 0.8125 0.11994727592267135 0.04375 0.04657293497363796
0 0.16171875 0.20210896309314588 0.04296875 0.04261862917398945
0 0.2453125 0.20342706502636204 0.0328125 0.0421792618629174
0 0.33125 0.2069420035149385 0.05390625 0.03866432337434095
0 0.42890625 0.20123022847100175 0.034375 0.03251318101933216
0 0.51328125 0.2016695957820738 0.03515625 0.03866432337434095
0 0.59921875 0.20123022847100175 0.0375 0.04086115992970123
0 0.68984375 0.20298769771529 0.0453125 0.03910369068541301
0 0.8140625 0.2047451669595782 0.0375 0.03954305799648506
0 0.1578125 0.29481546572934975 0.04140625 0.037785588752196834
0 0.26328125 0.29569420035149385 0.04375 0.04173989455184534
0 0.3640625 0.29437609841827767 0.03671875 0.0421792618629174
0 0.47265625 0.29657293497363796 0.04140625 0.04130052724077329
0 0.5734375 0.29437609841827767 0.04375 0.0421792618629174
0 0.68359375 0.2992091388400703 0.05546875 0.03602811950790861
0 0.80625 0.30272407732864676 0.05546875 0.037785588752196834
0 0.15625 0.390597539543058 0.0390625 0.04305799648506151
0 0.2609375 0.39015817223198596 0.03671875 0.03471001757469244
0 0.3609375 0.39103690685413006 0.03671875 0.03910369068541301
0 0.4640625 0.39015817223198596 0.040625 0.03954305799648506
0 0.56953125 0.39411247803163446 0.05234375 0.03427065026362039
0 0.68125 0.3897188049209139 0.03515625 0.02460456942003515
0 0.7984375 0.3914762741652021 0.0375 0.03998242530755712
0 0.684375 0.4727592267135325 0.03671875 0.038224956063268895
0 0.7984375 0.476713532513181 0.03671875 0.03954305799648506
0 0.5546875 0.4727592267135325 0.034375 0.033391915641476276
0 0.41875 0.4710017574692443 0.0328125 0.03734622144112478
0 0.28515625 0.46924428822495606 0.03828125 0.03866432337434095
0 0.15859375 0.47012302284710017 0.0328125 0.03383128295254833
0 0.1546875 0.5566783831282952 0.04140625 0.040421792618629174
0 0.284375 0.5553602811950791 0.0359375 0.03998242530755712
0 0.4109375 0.5540421792618629 0.0375 0.032952548330404216
0 0.540625 0.5588752196836555 0.03828125 0.031195079086115993
0 0.6796875 0.5522847100175747 0.02890625 0.024165202108963092
0 0.79921875 0.5738137082601055 0.03984375 0.0351493848857645
0 0.80390625 0.6520210896309314 0.03671875 0.03954305799648506
0 0.4703125 0.6476274165202109 0.0359375 0.03954305799648506
0 0.57734375 0.6507029876977153 0.04765625 0.03471001757469244
0 0.68515625 0.6454305799648506 0.03125 0.026362038664323375
0 0.16015625 0.6463093145869947 0.0359375 0.03910369068541301
0 0.26171875 0.6471880492091389 0.03828125 0.04173989455184534
0 0.365625 0.6471880492091389 0.0375 0.03866432337434095
0 0.69140625 0.7275922671353251 0.03515625 0.038224956063268895
0 0.8 0.7398945518453427 0.03671875 0.03910369068541301
0 0.55703125 0.7284710017574693 0.03828125 0.03998242530755712
0 0.425 0.7284710017574693 0.03359375 0.040421792618629174
0 0.29375 0.726713532513181 0.03515625 0.04086115992970123
0 0.15859375 0.7271528998242531 0.0359375 0.037785588752196834
0 0.79921875 0.8369947275922671 0.0515625 0.0320738137082601
0 0.6859375 0.81195079086116 0.028125 0.02899824253075571
0 0.55078125 0.8154657293497364 0.0375 0.03427065026362039
0 0.415625 0.8106326889279437 0.0359375 0.04086115992970123
0 0.2890625 0.81195079086116 0.03671875 0.04130052724077329
0 0.16171875 0.8115114235500879 0.03046875 0.03954305799648506
0 0.16015625 0.8998242530755711 0.0359375 0.03866432337434095
0 0.26640625 0.898506151142355 0.0328125 0.038224956063268895
0 0.36953125 0.898506151142355 0.034375 0.030755711775043937
0 0.47109375 0.8989455184534271 0.034375 0.03734622144112478
0 0.57890625 0.9028998242530756 0.046875 0.032952548330404216
0 0.6828125 0.8971880492091389 0.0265625 0.028558875219683654
0 0.80078125 0.905536028119508 0.03125 0.03998242530755712