0 0.39453125 0.7983304042179262 0.053125 0.05536028119507909
0 0.26796875 0.804481546572935 0.0546875 0.058875219683655534
0 0.64140625 0.788664323374341 0.053125 0.05536028119507909
0 0.51875 0.7939367311072056 0.0515625 0.056239015817223195
0 0.765625 0.7838312829525483 0.053125 0.05536028119507909
0 0.559375 0.1282952548330404 0.05625 0.05536028119507909
0 0.18828125 0.14279437609841827 0.0546875 0.05272407732864675
0 0.68359375 0.12390158172231985 0.05625 0.05536028119507909
0 0.70234375 0.27152899824253074 0.0515625 0.05008787346221441
0 0.19453125 0.2179261862917399 0.05625 0.0421792618629174
0 0.31875 0.2126537785588752 0.05625 0.04481546572934974
0 0.4453125 0.20826010544815465 0.053125 0.04481546572934974
0 0.56875 0.2038664323374341 0.05 0.043936731107205626
0 0.69140625 0.19815465729349738 0.0515625 0.04481546572934974
0 0.4359375 0.13532513181019332 0.0515625 0.04569420035149385
0 0.3078125 0.13927943760984182 0.053125 0.043936731107205626
0 0.2046875 0.29130052724077327 0.05625 0.04569420035149385
0 0.33125 0.28690685413005274 0.053125 0.048330404217926184
0 0.453125 0.281195079086116 0.0578125 0.04569420035149385
0 0.57421875 0.27680140597539543 0.053125 0.04657293497363796
0 0.58671875 0.3506151142355009 0.0484375 0.04481546572934974
0 0.70859375 0.3444639718804921 0.0546875 0.043936731107205626
0 0.46171875 0.3554481546572935 0.05 0.048330404217926184
0 0.3375 0.35984182776801404 0.053125 0.04481546572934974
0 0.3484375 0.43233743409490333 0.0515625 0.04305799648506151
0 0.4703125 0.4275043936731107 0.053125 0.04305799648506151
0 0.59375 0.422231985940246 0.0546875 0.04481546572934974
0 0.7203125 0.4182776801405975 0.0484375 0.04305799648506151
0 0.60625 0.4960456942003515 0.0484375 0.04657293497363796
0 0.72890625 0.4898945518453427 0.0515625 0.04569420035149385
0 0.4765625 0.5008787346221442 0.059375 0.043936731107205626
0 0.35390625 0.5048330404217927 0.0546875 0.04305799648506151
0 0.23046875 0.5109841827768014 0.059375 0.04745166959578207
0 0.21328125 0.36423550087873463 0.05 0.04481546572934974
0 0.2203125 0.4389279437609842 0.05625 0.043936731107205626
0 0.23984375 0.5843585237258347 0.0515625 0.04745166959578207
0 0.36640625 0.5782073813708261 0.053125 0.04569420035149385
0 0.4890625 0.5738137082601055 0.0484375 0.04305799648506151
0 0.61484375 0.5689806678383128 0.0484375 0.04305799648506151
0 0.73828125 0.5637082601054482 0.0484375 0.04305799648506151
0 0.25 0.6572934973637962 0.0484375 0.04481546572934974
0 0.37421875 0.6520210896309314 0.04375 0.04305799648506151
0 0.49609375 0.6476274165202109 0.046875 0.04481546572934974
0 0.62109375 0.6427943760984183 0.0515625 0.04130052724077329
0 0.74765625 0.6379613356766256 0.0515625 0.04305799648506151
0 0.2578125 0.7306678383128296 0.0484375 0.04130052724077329
0 0.38203125 0.7249560632688928 0.0515625 0.04130052724077329
0 0.50703125 0.7196836555360281 0.0484375 0.04305799648506151
0 0.63203125 0.7157293497363796 0.053125 0.04569420035149385
0 0.75390625 0.7100175746924429 0.046875 0.043936731107205626