5 0.20234375 0.8523725834797891 0.1453125 0.05975395430579965
5 0.75859375 0.3312829525483304 0.1140625 0.0421792618629174
5 0.76171875 0.8523725834797891 0.14375 0.061511423550087874
5 0.203125 0.6581722319859402 0.146875 0.06063268892794376
5 0.284375 0.3304042179261863 0.115625 0.04305799648506151
5 0.64375 0.44859402460456943 0.09375 0.043936731107205626
5 0.878125 0.3299648506151142 0.090625 0.0421792618629174
5 0.878125 0.21309314586994726 0.0921875 0.04130052724077329
5 0.28671875 0.2148506151142355 0.1140625 0.04130052724077329
5 0.64375 0.21353251318101935 0.090625 0.0421792618629174
5 0.16796875 0.4477152899824253 0.0953125 0.043936731107205626
5 0.28671875 0.09666080843585237 0.1140625 0.040421792618629174
5 0.64296875 0.3304042179261863 0.0953125 0.04305799648506151
5 0.64296875 0.09578207381370826 0.0921875 0.0421792618629174
5 0.76328125 0.6568541300527241 0.1484375 0.061511423550087874
5 0.16796875 0.21309314586994726 0.0953125 0.04305799648506151
5 0.76015625 0.44815465729349735 0.11875 0.0421792618629174
5 0.76171875 0.21309314586994726 0.1140625 0.04305799648506151
5 0.16953125 0.3308435852372584 0.0953125 0.04305799648506151
5 0.2859375 0.44815465729349735 0.1171875 0.04305799648506151
5 0.76171875 0.09666080843585237 0.115625 0.043936731107205626
2 0.07265625 0.4507908611599297 0.0484375 0.04481546572934974
5 0.16953125 0.09666080843585237 0.0921875 0.04481546572934974
2 0.07265625 0.09885764499121265 0.0484375 0.04569420035149385
2 0.0734375 0.3326010544815466 0.046875 0.04481546572934974
5 0.4828125 0.8536906854130053 0.203125 0.061511423550087874
2 0.0734375 0.21528998242530756 0.05 0.04569420035149385
5 0.48203125 0.6568541300527241 0.146875 0.061511423550087874
2 0.54921875 0.3326010544815466 0.0484375 0.04481546572934974
2 0.5484375 0.2148506151142355 0.0484375 0.04657293497363796
4 0.4828125 0.7311072056239016 0.0546875 0.014938488576449912
4 0.7625 0.9288224956063269 0.08125 0.019332161687170474
2 0.5484375 0.0984182776801406 0.05 0.04657293497363796
4 0.2046875 0.7311072056239016 0.065625 0.016695957820738138
4 0.2046875 0.930140597539543 0.059375 0.01845342706502636
4 0.484375 0.929701230228471 0.15625 0.019332161687170474
4 0.7625 0.7319859402460457 0.0546875 0.01757469244288225
2 0.54765625 0.44947275922671354 0.05 0.04569420035149385
5 0.8796875 0.44859402460456943 0.096875 0.04130052724077329
5 0.40234375 0.3299648506151142 0.0859375 0.04130052724077329
5 0.403125 0.09710017574692442 0.0828125 0.04130052724077329
5 0.87734375 0.09710017574692442 0.0890625 0.04130052724077329
5 0.40390625 0.2148506151142355 0.0828125 0.0421792618629174
5 0.4046875 0.44903339191564146 0.090625 0.043936731107205626