5 0.784375 0.17223198594024605 0.265625 0.04745166959578207
5 0.19140625 0.2508787346221441 0.275 0.048330404217926184
5 0.484375 0.171792618629174 0.2703125 0.048330404217926184
5 0.49296875 0.2508787346221441 0.271875 0.048330404217926184
5 0.7828125 0.2521968365553603 0.2671875 0.04569420035149385
5 0.78671875 0.4033391915641476 0.259375 0.04657293497363796
5 0.19296875 0.17135325131810195 0.2703125 0.0492091388400703
5 0.19375 0.4819859402460457 0.2703125 0.05272407732864675
5 0.78828125 0.4819859402460457 0.265625 0.05536028119507909
5 0.49140625 0.4819859402460457 0.2765625 0.05184534270650264
5 0.49296875 0.4055360281195079 0.2765625 0.050966608084358524
4 0.7859375 0.09797891036906854 0.125 0.021968365553602813
4 0.47578125 0.6318101933216169 0.2515625 0.027240773286467488
5 0.784375 0.3317223198594025 0.2671875 0.048330404217926184
5 0.19296875 0.3264499121265378 0.275 0.054481546572934976
5 0.48984375 0.3264499121265378 0.2703125 0.05184534270650264
4 0.48359375 0.5883128295254832 0.3296875 0.043936731107205626
5 0.19375 0.40202108963093147 0.271875 0.05008787346221441
4 0.19296875 0.09929701230228472 0.10625 0.020210896309314587
5 0.68828125 0.7543936731107206 0.38125 0.10896309314586995
4 0.4890625 0.09929701230228472 0.0859375 0.020210896309314587
5 0.6875 0.9059753954305799 0.3828125 0.10720562390158173
5 0.27890625 0.9059753954305799 0.3796875 0.10984182776801406
5 0.278125 0.7535149384885764 0.378125 0.10808435852372583