5 0.215625 0.2820738137082601 0.1578125 0.05272407732864675
5 0.215625 0.28427065026362036 0.146875 0.05008787346221441
2 0.71953125 0.9209138840070299 0.078125 0.07644991212653779
2 0.578125 0.7851493848857645 0.08125 0.07557117750439367
2 0.2203125 0.7908611599297012 0.0796875 0.0773286467486819
5 0.43046875 0.5342706502636204 0.1546875 0.06766256590509666
2 0.265625 0.5487697715289982 0.059375 0.03163444639718805
5 0.79921875 0.28910369068541303 0.0515625 0.033391915641476276
2 0.79921875 0.28778558875219684 0.040625 0.03163444639718805
2 0.36015625 0.9112478031634447 0.078125 0.0773286467486819
2 0.17890625 0.5483304042179262 0.0640625 0.03251318101933216
5 0.24140625 0.12785588752196836 0.4203125 0.11335676625659051
5 0.63828125 0.5369068541300527 0.165625 0.04657293497363796
5 0.421875 0.3993848857644991 0.14375 0.05008787346221441
5 0.4609375 0.6748681898066784 0.19375 0.04657293497363796
2 0.221875 0.9130052724077329 0.08125 0.0773286467486819
5 0.74375 0.13093145869947276 0.4265625 0.11423550087873462
5 0.41796875 0.3958699472759227 0.1421875 0.050966608084358524
5 0.69140625 0.6717926186291739 0.184375 0.04481546572934974
2 0.36171875 0.789543057996485 0.0796875 0.07996485061511424
5 0.58125 0.4007029876977153 0.153125 0.056239015817223195
5 0.2171875 0.3958699472759227 0.15 0.05360281195079086
5 0.240625 0.6748681898066784 0.1703125 0.04745166959578207
5 0.53203125 0.28295254833040423 0.375 0.05184534270650264
5 0.7390625 0.4015817223198594 0.0421875 0.03602811950790861
5 0.79296875 0.4015817223198594 0.0390625 0.03427065026362039
5 0.79375 0.5369068541300527 0.040625 0.03602811950790861
2 0.7171875 0.7855887521968365 0.0875 0.07996485061511424
2 0.57578125 0.9178383128295254 0.0890625 0.07996485061511424