5 0.80390625 0.663444639718805 0.209375 0.07908611599297012
5 0.25078125 0.11775043936731107 0.4375 0.08699472759226713
4 0.2546875 0.7649384885764499 0.39375 0.054481546572934976
4 0.2640625 0.8383128295254832 0.4125 0.06063268892794376
4 0.2109375 0.6942003514938488 0.3171875 0.05975395430579965
4 0.2109375 0.5962214411247804 0.3109375 0.033391915641476276
5 0.24921875 0.3545694200351494 0.44375 0.09226713532513181
5 0.2484375 0.47319859402460457 0.4359375 0.08787346221441125
5 0.72421875 0.47363796133567665 0.4359375 0.0913884007029877
5 0.72578125 0.11687170474516696 0.425 0.0852372583479789
5 0.728125 0.2359402460456942 0.4359375 0.08611599297012303
5 0.2515625 0.23637961335676624 0.4328125 0.08084358523725835
5 0.7265625 0.35281195079086114 0.428125 0.0852372583479789
5 0.8078125 0.7640597539543058 0.215625 0.08260105448154657
5 0.809375 0.8677504393673111 0.21875 0.08611599297012303