5 0.33046875 0.31678383128295257 0.146875 0.03427065026362039
5 0.33515625 0.15817223198594024 0.15625 0.03690685413005272
5 0.78828125 0.3936731107205624 0.159375 0.037785588752196834
5 0.33515625 0.39191564147627417 0.1578125 0.0351493848857645
5 0.33359375 0.23330404217926187 0.1546875 0.03251318101933216
5 0.78828125 0.31590509666080846 0.1625 0.040421792618629174
5 0.25234375 0.8862038664323374 0.3234375 0.07644991212653779
5 0.15078125 0.1586115992970123 0.159375 0.037785588752196834
5 0.596875 0.15817223198594024 0.1640625 0.033391915641476276
5 0.7875 0.23813708260105448 0.15625 0.03690685413005272
5 0.25 0.6528998242530756 0.325 0.07469244288224956
5 0.14765625 0.3145869947275923 0.1546875 0.033391915641476276
5 0.7875 0.15905096660808435 0.153125 0.037785588752196834
5 0.2515625 0.7693321616871704 0.325 0.07820738137082602
5 0.60234375 0.39411247803163446 0.1609375 0.0351493848857645
5 0.1484375 0.39191564147627417 0.1515625 0.03163444639718805
5 0.6015625 0.3172231985940246 0.159375 0.03690685413005272
5 0.66171875 0.6515817223198594 0.3265625 0.07381370826010544
5 0.60390625 0.23945518453427064 0.1640625 0.03866432337434095
5 0.253125 0.5360281195079086 0.3234375 0.07820738137082602
5 0.6625 0.5355887521968365 0.325 0.07996485061511424
5 0.66328125 0.7688927943760984 0.325 0.07820738137082602
5 0.6609375 0.8857644991212654 0.321875 0.07820738137082602
5 0.14765625 0.23506151142355008 0.1640625 0.040421792618629174
4 0.22890625 0.06546572934973638 0.315625 0.040421792618629174