5 0.22890625 0.632688927943761 0.2375 0.0852372583479789
5 0.228125 0.7543936731107206 0.2359375 0.0852372583479789
5 0.75 0.6322495606326889 0.2328125 0.0852372583479789
5 0.66484375 0.9165202108963093 0.296875 0.06678383128295255
5 0.48828125 0.7552724077328646 0.2328125 0.0843585237258348
4 0.66484375 0.8721441124780316 0.075 0.0210896309314587
5 0.48984375 0.6318101933216169 0.2375 0.0852372583479789
5 0.4890625 0.4538664323374341 0.5375 0.10281195079086115
5 0.48046875 0.27680140597539543 0.53125 0.0984182776801406
5 0.48046875 0.11379613356766256 0.53125 0.09578207381370826
5 0.7515625 0.7543936731107206 0.234375 0.08084358523725835
5 0.23359375 0.9112478031634447 0.290625 0.06678383128295255
4 0.2328125 0.8637961335676626 0.0984375 0.020210896309314587