4 0.22890625 0.6296133567662566 0.23125 0.0210896309314587
4 0.2265625 0.7192442882249561 0.2234375 0.021968365553602813
4 0.24296875 0.8282073813708261 0.2515625 0.020210896309314587
4 0.5171875 0.8699472759226714 0.7375 0.01845342706502636
4 0.40859375 0.13224956063268892 0.109375 0.01757469244288225
4 0.3796875 0.6577328646748682 0.4765625 0.01757469244288225
4 0.5015625 0.46353251318101935 0.4390625 0.020210896309314587
4 0.2421875 0.5206502636203867 0.25625 0.019332161687170474
4 0.21796875 0.5751318101933216 0.146875 0.021968365553602813
4 0.19765625 0.7746045694200352 0.1109375 0.01845342706502636
4 0.51484375 0.7473637961335676 0.7390625 0.016695957820738138
4 0.5484375 0.30140597539543057 0.065625 0.014059753954305799
4 0.55 0.36731107205623903 0.065625 0.016695957820738138
4 0.575 0.11994727592267135 0.1140625 0.020210896309314587
4 0.37734375 0.1695957820738137 0.046875 0.015817223198594025
4 0.38125 0.36731107205623903 0.0546875 0.01845342706502636
4 0.5140625 0.5496485061511424 0.7421875 0.020210896309314587
4 0.18515625 0.9007029876977153 0.078125 0.020210896309314587
4 0.4328125 0.10456942003514938 0.1609375 0.014059753954305799
4 0.54765625 0.1665202108963093 0.059375 0.013181019332161687
4 0.55546875 0.20035149384885764 0.0765625 0.013181019332161687
4 0.38671875 0.19947275922671354 0.0640625 0.014059753954305799
4 0.38203125 0.23374340949033393 0.0578125 0.014938488576449912
4 0.55 0.23418277680140598 0.0625 0.012302284710017574
4 0.55546875 0.265817223198594 0.0796875 0.014938488576449912
4 0.38984375 0.2666959578207381 0.06875 0.014938488576449912
4 0.3796875 0.30052724077328646 0.046875 0.014938488576449912
4 0.55859375 0.3343585237258348 0.08125 0.015817223198594025
4 0.38984375 0.3343585237258348 0.06875 0.014059753954305799