4 0.50390625 0.23242530755711774 0.35625 0.025483304042179262
4 0.2203125 0.538664323374341 0.1984375 0.025483304042179262
4 0.20625 0.4130052724077329 0.1703125 0.02899824253075571
4 0.5046875 0.3405096660808436 0.7734375 0.021968365553602813
4 0.50078125 0.8892794376098418 0.4671875 0.0210896309314587
4 0.5 0.8615992970123023 0.4671875 0.021968365553602813
4 0.5 0.1282952548330404 0.7796875 0.021968365553602813
4 0.5015625 0.6423550087873462 0.7640625 0.023725834797891036
4 0.50078125 0.6146748681898067 0.7640625 0.0210896309314587
4 0.40703125 0.7434094903339191 0.5796875 0.021968365553602813
4 0.50078125 0.5861159929701231 0.7640625 0.021968365553602813
4 0.4828125 0.7152899824253075 0.734375 0.02460456942003515
4 0.37265625 0.15509666080843584 0.5234375 0.02460456942003515
4 0.30859375 0.3664323374340949 0.378125 0.022847100175746926
4 0.4625 0.6695957820738138 0.6859375 0.022847100175746926
4 0.4921875 0.492091388400703 0.75 0.022847100175746926
4 0.503125 0.31370826010544817 0.771875 0.021968365553602813
4 0.5015625 0.10193321616871705 0.7875 0.0210896309314587
4 0.50234375 0.28251318101933215 0.771875 0.02460456942003515
4 0.50234375 0.46177504393673113 0.7640625 0.0210896309314587