4 0.50078125 0.6818980667838312 0.465625 0.021968365553602813
4 0.50078125 0.6256590509666081 0.4640625 0.01757469244288225
4 0.503125 0.23022847100175747 0.759375 0.019332161687170474
4 0.50390625 0.569859402460457 0.4578125 0.020210896309314587
4 0.50078125 0.12785588752196836 0.753125 0.019332161687170474
4 0.340625 0.3400702987697715 0.4390625 0.01845342706502636
4 0.2890625 0.523725834797891 0.3359375 0.01845342706502636
4 0.5015625 0.312390158172232 0.7578125 0.016695957820738138
4 0.4875 0.413884007029877 0.73125 0.022847100175746926
4 0.5 0.2007908611599297 0.7578125 0.015817223198594025
4 0.39765625 0.7372583479789103 0.2640625 0.0210896309314587
4 0.49765625 0.44200351493848855 0.753125 0.020210896309314587
4 0.503125 0.2570298769771529 0.7609375 0.0210896309314587
4 0.5 0.6542179261862917 0.459375 0.020210896309314587
4 0.50234375 0.6001757469244289 0.4625 0.01757469244288225
4 0.49921875 0.15641476274165203 0.7546875 0.019332161687170474
4 0.50234375 0.10105448154657294 0.753125 0.01757469244288225
4 0.49765625 0.4969244288224956 0.75625 0.020210896309314587
4 0.50234375 0.8787346221441125 0.7578125 0.01845342706502636
4 0.49921875 0.7086994727592267 0.4640625 0.020210896309314587
4 0.47890625 0.47012302284710017 0.7109375 0.01845342706502636
4 0.45390625 0.38620386643233745 0.66875 0.0210896309314587
4 0.4984375 0.2851493848857645 0.759375 0.019332161687170474
4 0.1953125 0.828646748681898 0.1453125 0.02460456942003515