4 0.36328125 0.4094903339191564 0.4828125 0.04481546572934974
4 0.446875 0.804920913884007 0.7609375 0.05536028119507909
4 0.2765625 0.2759226713532513 0.26875 0.033391915641476276
4 0.47578125 0.6660808435852372 0.778125 0.05975395430579965
4 0.4734375 0.5812829525483304 0.75 0.054481546572934976
4 0.540625 0.23286467486818982 0.7859375 0.05711775043936731
4 0.35390625 0.8268892794376098 0.5875 0.050966608084358524
4 0.5453125 0.20430579964850615 0.7875 0.0632688927943761
4 0.55 0.16432337434094904 0.2859375 0.03690685413005272
4 0.50703125 0.3334797891036907 0.7453125 0.05711775043936731
4 0.415625 0.5241652021089631 0.6203125 0.05272407732864675
4 0.53828125 0.2609841827768014 0.7859375 0.058875219683655534
4 0.1703125 0.679701230228471 0.18125 0.027240773286467488
4 0.43984375 0.7451669595782073 0.7375 0.054481546572934976
4 0.48046875 0.4995606326889279 0.7390625 0.054481546572934976
4 0.4828125 0.47056239015817225 0.734375 0.058875219683655534
4 0.4234375 0.7754833040421792 0.70625 0.054481546572934976
4 0.4765625 0.6388400702987698 0.7796875 0.05799648506151142
4 0.4765625 0.6107205623901582 0.7671875 0.05975395430579965
4 0.50390625 0.3602811950790861 0.75 0.05799648506151142
4 0.51015625 0.38796133567662566 0.7625 0.05975395430579965
4 0.559375 0.11467486818980668 0.45625 0.054481546572934976