4 0.35 0.4165202108963093 0.48125 0.0210896309314587
4 0.49453125 0.8062390158172232 0.7609375 0.01845342706502636
4 0.24296875 0.28778558875219684 0.2671875 0.020210896309314587
4 0.5015625 0.6665202108963093 0.778125 0.021968365553602813
4 0.4859375 0.5821616871704746 0.75 0.01757469244288225
4 0.49921875 0.23198594024604569 0.7859375 0.01845342706502636
4 0.40546875 0.8326010544815465 0.5859375 0.021968365553602813
4 0.49921875 0.20342706502636204 0.7859375 0.02460456942003515
4 0.49765625 0.16300527240773285 0.2828125 0.022847100175746926
4 0.48125 0.3339191564147627 0.7453125 0.0210896309314587
4 0.41953125 0.5281195079086116 0.61875 0.022847100175746926
4 0.50078125 0.2601054481546573 0.7859375 0.020210896309314587
4 0.19921875 0.695079086115993 0.1796875 0.01845342706502636
4 0.478125 0.7473637961335676 0.7375 0.01845342706502636
4 0.48046875 0.5004393673110721 0.7390625 0.01845342706502636
4 0.478125 0.47144112478031636 0.734375 0.022847100175746926
4 0.46640625 0.7781195079086116 0.70625 0.020210896309314587
4 0.4984375 0.6392794376098418 0.7796875 0.020210896309314587
4 0.49375 0.6115992970123023 0.7671875 0.021968365553602813
4 0.48203125 0.36072056239015815 0.75 0.0210896309314587
4 0.49296875 0.38796133567662566 0.7625 0.022847100175746926
4 0.49921875 0.11335676625659051 0.453125 0.03251318101933216