4 0.34609375 0.5250439367311072 0.56015625 0.043936731107205626
4 0.34453125 0.624780316344464 0.55625 0.03866432337434095
4 0.35234375 0.7166080843585237 0.56171875 0.04173989455184534
4 0.4125 0.8242530755711776 0.20546875 0.04657293497363796
4 0.73203125 0.8273286467486819 0.246875 0.04525483304042179
4 0.7328125 0.9332161687170475 0.2453125 0.0421792618629174
4 0.41328125 0.9336555360281195 0.20078125 0.04525483304042179
4 0.7734375 0.42618629173989453 0.11953125 0.03383128295254833
4 0.77890625 0.5268014059753954 0.12578125 0.04130052724077329
4 0.50703125 0.422231985940246 0.24921875 0.037785588752196834
4 0.78046875 0.6282952548330404 0.12265625 0.04130052724077329
4 0.7828125 0.718804920913884 0.1171875 0.03866432337434095
4 0.7734375 0.0883128295254833 0.12265625 0.0351493848857645
4 0.77265625 0.17003514938488576 0.1171875 0.03690685413005272
4 0.77890625 0.2557117750439367 0.115625 0.03471001757469244
4 0.77734375 0.3374340949033392 0.12265625 0.03734622144112478
4 0.35078125 0.08655536028119508 0.56484375 0.03602811950790861
4 0.34609375 0.16695957820738136 0.553125 0.03251318101933216
4 0.35 0.2543936731107206 0.5625 0.03998242530755712
4 0.3578125 0.3374340949033392 0.56796875 0.03163444639718805
4 0.19609375 0.4200351493848858 0.203125 0.04086115992970123
4 0.13203125 0.8242530755711776 0.125 0.04086115992970123
4 0.1234375 0.9340949033391915 0.128125 0.038224956063268895