4 0.19453125 0.45430579964850615 0.1421875 0.040421792618629174
4 0.5265625 0.46660808435852374 0.11875 0.05140597539543058
4 0.80703125 0.46836555360281196 0.21875 0.05272407732864675
4 0.7296875 0.6159929701230229 0.3953125 0.0804042179261863
4 0.8125 0.3444639718804921 0.0765625 0.03163444639718805
4 0.815625 0.2565905096660808 0.0671875 0.03163444639718805
4 0.27890625 0.6366432337434095 0.43125 0.11028119507908611
4 0.33671875 0.2609841827768014 0.51875 0.0421792618629174
4 0.346875 0.3572056239015817 0.51640625 0.03954305799648506
4 0.11328125 0.06502636203866433 0.10390625 0.03866432337434095
4 0.32890625 0.16827768014059755 0.565625 0.03910369068541301
4 0.20234375 0.11687170474516696 0.29296875 0.035588752196836555
4 0.80078125 0.07996485061511424 0.04609375 0.027680140597539545
4 0.8125 0.1695957820738137 0.0609375 0.031195079086115993
4 0.365625 0.796572934973638 0.59375 0.03734622144112478
4 0.8328125 0.796572934973638 0.1375 0.043497363796133566
4 0.83359375 0.9121265377855887 0.1234375 0.048330404217926184
4 0.5296875 0.8980667838312829 0.2609375 0.04701230228471002
4 0.19375 0.8958699472759226 0.2109375 0.0531634446397188