4 0.34140625 0.46265377855887524 0.45859375 0.032952548330404216
4 0.5234375 0.35984182776801404 0.334375 0.040421792618629174
4 0.1734375 0.359402460456942 0.13515625 0.03471001757469244
4 0.346875 0.27460456942003514 0.5171875 0.03471001757469244
4 0.4109375 0.5676625659050967 0.64921875 0.04086115992970123
4 0.684375 0.6559753954305799 0.22578125 0.03031634446397188
4 0.28125 0.6515817223198594 0.365625 0.03031634446397188
4 0.36640625 0.7311072056239016 0.528125 0.031195079086115993
4 0.25859375 0.7917398945518453 0.375 0.027680140597539545
4 0.16171875 0.836555360281195 0.18046875 0.03163444639718805
4 0.5203125 0.843585237258348 0.43671875 0.03690685413005272
4 0.24453125 0.930140597539543 0.31171875 0.040421792618629174
4 0.68125 0.17882249560632688 0.41171875 0.04261862917398945
4 0.253125 0.1757469244288225 0.2890625 0.03866432337434095
4 0.36328125 0.08611599297012303 0.471875 0.05755711775043937