4 0.3546875 0.2530755711775044 0.56171875 0.03910369068541301
4 0.35390625 0.335676625659051 0.55 0.03998242530755712
4 0.3453125 0.16432337434094904 0.5640625 0.038224956063268895
4 0.77421875 0.1678383128295255 0.1296875 0.035588752196836555
4 0.7765625 0.2517574692442882 0.12109375 0.03734622144112478
4 0.7734375 0.3369947275922671 0.128125 0.03734622144112478
4 0.78203125 0.4253075571177504 0.13046875 0.038224956063268895
4 0.5078125 0.4195957820738137 0.259375 0.043936731107205626
4 0.1921875 0.4160808435852373 0.2109375 0.04305799648506151
4 0.3484375 0.5254833040421792 0.5703125 0.050966608084358524
4 0.34375 0.6260984182776801 0.5703125 0.04701230228471002
4 0.7890625 0.5268014059753954 0.13828125 0.054042179261862916
4 0.784375 0.6260984182776801 0.13984375 0.04481546572934974
4 0.78203125 0.7161687170474517 0.12421875 0.048769771528998244
4 0.73359375 0.8273286467486819 0.2671875 0.04525483304042179
4 0.4109375 0.8246924428822495 0.21640625 0.046133567662565905
4 0.353125 0.7148506151142355 0.57578125 0.043497363796133566
4 0.13125 0.8211775043936731 0.125 0.04525483304042179
4 0.35078125 0.08391915641476275 0.57421875 0.04130052724077329
4 0.775 0.08743409490333919 0.12421875 0.03646748681898067
4 0.12265625 0.9349736379613357 0.11953125 0.043936731107205626
4 0.4109375 0.9349736379613357 0.21484375 0.05228471001757469
4 0.73125 0.9354130052724078 0.24921875 0.0421792618629174