4 0.34140625 0.35588752196836554 0.51640625 0.04086115992970123
4 0.8078125 0.3422671353251318 0.09609375 0.031195079086115993
4 0.8125 0.2565905096660808 0.0875 0.03031634446397188
4 0.79375 0.0804042179261863 0.06796875 0.029437609841827767
4 0.8171875 0.17091388400702986 0.07109375 0.03427065026362039
4 0.3296875 0.16915641476274165 0.57734375 0.04437609841827768
4 0.2078125 0.11291739894551846 0.28984375 0.03163444639718805
4 0.10859375 0.06590509666080843 0.10859375 0.04525483304042179
4 0.3421875 0.26054481546572933 0.51796875 0.04261862917398945
4 0.18671875 0.45562390158172233 0.1578125 0.03690685413005272
4 0.525 0.46616871704745166 0.12890625 0.04261862917398945
4 0.7640625 0.46968365553602814 0.115625 0.04745166959578207
4 0.88515625 0.468804920913884 0.0578125 0.04569420035149385
4 0.73515625 0.616871704745167 0.3875 0.0883128295254833
4 0.278125 0.6357644991212654 0.42421875 0.10676625659050967
4 0.8375 0.7983304042179262 0.12890625 0.04657293497363796
4 0.834375 0.913444639718805 0.1359375 0.04086115992970123
4 0.52890625 0.8989455184534271 0.26171875 0.04305799648506151
4 0.19453125 0.8945518453427065 0.209375 0.046133567662565905
4 0.36328125 0.7987697715289982 0.590625 0.04525483304042179