4 0.28125 0.14323374340949033 0.3578125 0.031195079086115993
4 0.7078125 0.13620386643233742 0.31328125 0.03646748681898067
4 0.7546875 0.21045694200351495 0.21796875 0.02460456942003515
4 0.70078125 0.28866432337434095 0.32265625 0.04086115992970123
4 0.64609375 0.36994727592267135 0.16953125 0.03383128295254833
4 0.284375 0.28558875219683655 0.3640625 0.03427065026362039
4 0.296875 0.3804920913884007 0.396875 0.024165202108963092
4 0.1375 0.34490333919156413 0.078125 0.025043936731107205
4 0.18125 0.44200351493848855 0.13828125 0.035588752196836555
4 0.690625 0.44639718804920914 0.3953125 0.02899824253075571
4 0.73203125 0.5434973637961336 0.19765625 0.04261862917398945
4 0.8484375 0.6203866432337434 0.14453125 0.027680140597539545
4 0.67578125 0.6115992970123023 0.128125 0.03602811950790861
4 0.3359375 0.5751318101933216 0.4328125 0.09094903339191564
4 0.44375 0.6862917398945518 0.19140625 0.038224956063268895
4 0.709375 0.6849736379613357 0.2375 0.03602811950790861
4 0.72421875 0.7706502636203867 0.34609375 0.03602811950790861
4 0.41484375 0.7768014059753954 0.140625 0.06546572934973638
4 0.61796875 0.8326010544815465 0.17890625 0.027240773286467488
4 0.2015625 0.7403339191564148 0.16328125 0.14586994727592267
4 0.34453125 0.9072934973637962 0.47265625 0.0632688927943761
4 0.42890625 0.07161687170474516 0.653125 0.040421792618629174
4 0.334375 0.2100175746924429 0.46015625 0.029876977152899824