4 0.32578125 0.5742530755711776 0.43203125 0.08611599297012303
4 0.7359375 0.5461335676625659 0.2109375 0.0421792618629174
4 0.2921875 0.28690685413005274 0.36328125 0.04305799648506151
4 0.75390625 0.21133567662565905 0.22109375 0.03031634446397188
4 0.33671875 0.2095782073813708 0.4671875 0.03690685413005272
4 0.69765625 0.28910369068541303 0.32265625 0.03734622144112478
4 0.6515625 0.36906854130052724 0.17265625 0.03427065026362039
4 0.6921875 0.44639718804920914 0.39609375 0.03383128295254833
4 0.18125 0.44200351493848855 0.1421875 0.03734622144112478
4 0.29921875 0.38268892794376097 0.390625 0.031195079086115993
4 0.13515625 0.3444639718804921 0.08125 0.03031634446397188
4 0.675 0.6137961335676626 0.13359375 0.0320738137082601
4 0.8484375 0.6230228471001757 0.1375 0.03031634446397188
4 0.70859375 0.687170474516696 0.24140625 0.037785588752196834
4 0.44453125 0.687170474516696 0.20078125 0.037785588752196834
4 0.2046875 0.7416520210896309 0.175 0.14674868189806678
4 0.41484375 0.7772407732864675 0.15 0.0672231985940246
4 0.72578125 0.7697715289982425 0.34296875 0.03998242530755712
4 0.6203125 0.8321616871704746 0.190625 0.031195079086115993
4 0.34453125 0.9086115992970123 0.47265625 0.06898066783831283
4 0.428125 0.07161687170474516 0.65390625 0.03954305799648506
4 0.71015625 0.13576449912126537 0.328125 0.03866432337434095
4 0.27734375 0.14147627416520211 0.36640625 0.028558875219683654