4 0.2859375 0.46089630931458697 0.42265625 0.0351493848857645
4 0.12421875 0.4213532513181019 0.08671875 0.03163444639718805
4 0.7140625 0.44551845342706503 0.2859375 0.03602811950790861
4 0.25625 0.2482425307557118 0.35078125 0.03690685413005272
4 0.69453125 0.2561511423550088 0.3484375 0.03866432337434095
4 0.3359375 0.3326010544815466 0.503125 0.04261862917398945
4 0.2703125 0.5496485061511424 0.3671875 0.0351493848857645
4 0.70078125 0.5610720562390158 0.27890625 0.04261862917398945
4 0.4390625 0.6269771528998243 0.72734375 0.0351493848857645
4 0.2890625 0.7117750439367311 0.43046875 0.029876977152899824
4 0.12265625 0.6590509666080844 0.09140625 0.020650263620386643
4 0.71953125 0.7126537785588752 0.31953125 0.038224956063268895
4 0.16875 0.7442882249560633 0.18125 0.026362038664323375
4 0.29375 0.7943760984182777 0.390625 0.032952548330404216
4 0.66328125 0.7983304042179262 0.1140625 0.029437609841827767
4 0.721875 0.8760984182776801 0.29375 0.035588752196836555
4 0.3 0.8633567662565905 0.403125 0.031195079086115993
4 0.2984375 0.9244288224956063 0.43203125 0.03427065026362039
4 0.4078125 0.0773286467486819 0.66875 0.04261862917398945
4 0.703125 0.13927943760984182 0.3421875 0.0320738137082601
4 0.65546875 0.17442882249560632 0.25859375 0.027680140597539545
4 0.26328125 0.15641476274165203 0.3796875 0.030755711775043937