5 0.696875 0.5782073813708261 0.3796875 0.04569420035149385
5 0.49921875 0.5039543057996485 0.76875 0.054481546572934976
5 0.30625 0.577768014059754 0.3765625 0.04569420035149385
2 0.06953125 0.0913884007029877 0.053125 0.029876977152899824
2 0.659375 0.030755711775043937 0.025 0.019332161687170474
5 0.496875 0.7289103690685413 0.7328125 0.04657293497363796
2 0.33203125 0.028558875219683654 0.04375 0.020210896309314587
2 0.38515625 0.02899824253075571 0.015625 0.014938488576449912
2 0.85 0.02899824253075571 0.0234375 0.019332161687170474
4 0.90078125 0.027680140597539545 0.071875 0.019332161687170474
4 0.49921875 0.359402460456942 0.284375 0.03163444639718805
4 0.25625 0.4415641476274165 0.3140625 0.03251318101933216
4 0.2578125 0.5035149384885764 0.2140625 0.02899824253075571
4 0.3015625 0.577768014059754 0.121875 0.02460456942003515
4 0.69921875 0.5808435852372583 0.1046875 0.021968365553602813
4 0.49765625 0.08919156414762741 0.25625 0.03251318101933216
2 0.903125 0.13224956063268892 0.0984375 0.03690685413005272
3 0.5234375 0.23242530755711774 0.3875 0.18189806678383127
4 0.103125 0.027240773286467488 0.078125 0.020210896309314587
2 0.1703125 0.027680140597539545 0.0421875 0.022847100175746926
2 0.22265625 0.02899824253075571 0.046875 0.022847100175746926
2 0.27734375 0.029437609841827767 0.0421875 0.020210896309314587
2 0.715625 0.028558875219683654 0.04375 0.019332161687170474
2 0.76875 0.027240773286467488 0.0359375 0.019332161687170474
2 0.81171875 0.027680140597539545 0.03125 0.019332161687170474
4 0.5 0.7289103690685413 0.2828125 0.023725834797891036
4 0.23046875 0.6441124780316344 0.3234375 0.02899824253075571