2 0.065625 0.08963093145869948 0.0625 0.027240773286467488
5 0.6984375 0.5896309314586995 0.3828125 0.04569420035149385
5 0.303125 0.5891915641476274 0.3765625 0.04481546572934974
5 0.49765625 0.8550087873462214 0.7234375 0.0492091388400703
2 0.6546875 0.031195079086115993 0.025 0.020210896309314587
4 0.49921875 0.08699472759226713 0.2546875 0.029876977152899824
2 0.90234375 0.13181019332161686 0.08125 0.0351493848857645
2 0.384375 0.02899824253075571 0.015625 0.014938488576449912
4 0.6953125 0.5905096660808435 0.1203125 0.0210896309314587
4 0.303125 0.5896309314586995 0.1296875 0.020210896309314587
4 0.30703125 0.4305799648506151 0.4078125 0.029876977152899824
4 0.50234375 0.359402460456942 0.2828125 0.03163444639718805
3 0.49921875 0.2359402460456942 0.5140625 0.14235500878734622
4 0.45546875 0.4995606326889279 0.6890625 0.0210896309314587
4 0.48359375 0.4802284710017575 0.75 0.020210896309314587
4 0.33515625 0.5219683655536028 0.4453125 0.02460456942003515
5 0.15078125 0.726274165202109 0.1609375 0.01757469244288225
4 0.1 0.703427065026362 0.075 0.022847100175746926
4 0.225 0.7680140597539543 0.30625 0.021968365553602813
4 0.503125 0.8563268892794376 0.2921875 0.02460456942003515
4 0.10546875 0.028558875219683654 0.0734375 0.01845342706502636
2 0.171875 0.028558875219683654 0.040625 0.019332161687170474
2 0.22421875 0.028558875219683654 0.0375 0.01845342706502636
2 0.27734375 0.028119507908611598 0.0453125 0.016695957820738138
2 0.33046875 0.028558875219683654 0.040625 0.015817223198594025
2 0.7109375 0.029437609841827767 0.0390625 0.01845342706502636
2 0.76484375 0.027240773286467488 0.04375 0.020210896309314587
2 0.80546875 0.027240773286467488 0.0328125 0.020210896309314587
2 0.84140625 0.028119507908611598 0.0265625 0.019332161687170474
4 0.89921875 0.02899824253075571 0.075 0.01757469244288225