2 0.06953125 0.09050966608084358 0.053125 0.027240773286467488
2 0.6515625 0.031195079086115993 0.0265625 0.019332161687170474
5 0.54765625 0.21045694200351495 0.3953125 0.04745166959578207
4 0.0953125 0.027240773286467488 0.0796875 0.026362038664323375
2 0.33515625 0.03031634446397188 0.0453125 0.020210896309314587
4 0.46484375 0.1594903339191564 0.2390625 0.026362038664323375
2 0.278125 0.03031634446397188 0.0453125 0.021968365553602813
2 0.7640625 0.02899824253075571 0.0390625 0.01845342706502636
4 0.50078125 0.08699472759226713 0.3625 0.030755711775043937
3 0.1828125 0.18409490333919157 0.2234375 0.06678383128295255
4 0.546875 0.210896309314587 0.1671875 0.0210896309314587
2 0.38515625 0.029437609841827767 0.0234375 0.013181019332161687
2 0.7078125 0.029437609841827767 0.0453125 0.016695957820738138
2 0.803125 0.02899824253075571 0.034375 0.01757469244288225
2 0.840625 0.028119507908611598 0.028125 0.019332161687170474
4 0.896875 0.028119507908611598 0.075 0.016695957820738138
2 0.17109375 0.02899824253075571 0.0375 0.021968365553602813
2 0.225 0.03031634446397188 0.0375 0.020210896309314587