5 0.50234375 0.46309314586994726 0.3890625 0.04481546572934974
2 0.06953125 0.0913884007029877 0.053125 0.02899824253075571
2 0.659375 0.031195079086115993 0.0265625 0.01845342706502636
4 0.10625 0.028119507908611598 0.0734375 0.022847100175746926
2 0.334375 0.029876977152899824 0.04375 0.019332161687170474
2 0.278125 0.02899824253075571 0.0453125 0.020210896309314587
4 0.50234375 0.08743409490333919 0.3640625 0.029876977152899824
2 0.5015625 0.2086994727592267 0.3734375 0.1695957820738137
3 0.50390625 0.2126537785588752 0.26875 0.12038664323374342
4 0.49296875 0.3374340949033392 0.8328125 0.020210896309314587
4 0.48984375 0.31678383128295257 0.8265625 0.020210896309314587
4 0.10703125 0.3572056239015817 0.0671875 0.014938488576449912
4 0.50390625 0.46441124780316345 0.1421875 0.021968365553602813
2 0.71796875 0.028558875219683654 0.0359375 0.019332161687170474
2 0.7703125 0.02680140597539543 0.0390625 0.01757469244288225
2 0.8109375 0.027680140597539545 0.0296875 0.015817223198594025
2 0.8484375 0.027680140597539545 0.025 0.019332161687170474
2 0.38671875 0.028119507908611598 0.028125 0.011423550087873463
2 0.228125 0.02899824253075571 0.034375 0.016695957820738138
2 0.17109375 0.02899824253075571 0.0453125 0.019332161687170474
4 0.9015625 0.028119507908611598 0.06875 0.020210896309314587