0 0.06875 0.08787346221441125 0.0625 0.030755711775043937
2 0.65 0.028119507908611598 0.028125 0.01845342706502636
5 0.3015625 0.5900702987697716 0.3734375 0.04745166959578207
5 0.54453125 0.2100175746924429 0.396875 0.05008787346221441
5 0.6953125 0.5891915641476274 0.3765625 0.04657293497363796
4 0.4625 0.16124780316344464 0.234375 0.026362038664323375
2 0.70703125 0.028119507908611598 0.0390625 0.021968365553602813
2 0.7625 0.028119507908611598 0.040625 0.015817223198594025
4 0.31484375 0.4305799648506151 0.403125 0.026362038664323375
4 0.490625 0.5021968365553603 0.7515625 0.01757469244288225
4 0.421875 0.4797891036906854 0.63125 0.019332161687170474
4 0.20078125 0.5224077328646749 0.171875 0.020210896309314587
4 0.303125 0.5887521968365553 0.1203125 0.022847100175746926
4 0.69765625 0.5909490333919156 0.1390625 0.022847100175746926
4 0.5453125 0.20913884007029876 0.1578125 0.023725834797891036
3 0.19296875 0.18585237258347978 0.21875 0.061511423550087874
4 0.50390625 0.08699472759226713 0.375 0.028119507908611598
4 0.096875 0.028558875219683654 0.075 0.01845342706502636
2 0.17109375 0.028119507908611598 0.04375 0.023725834797891036
2 0.22265625 0.02899824253075571 0.040625 0.023725834797891036
2 0.27734375 0.028558875219683654 0.04375 0.016695957820738138
2 0.33046875 0.02899824253075571 0.046875 0.01757469244288225
2 0.3859375 0.028558875219683654 0.0296875 0.014059753954305799
2 0.8015625 0.028558875219683654 0.0359375 0.016695957820738138
2 0.83984375 0.027680140597539545 0.025 0.0210896309314587
4 0.8984375 0.027240773286467488 0.078125 0.023725834797891036