2 0.06953125 0.0913884007029877 0.053125 0.029876977152899824
2 0.8828125 0.5202108963093146 0.0328125 0.02460456942003515
2 0.8828125 0.5826010544815465 0.03125 0.023725834797891036
3 0.49921875 0.23506151142355008 0.484375 0.14499121265377857
4 0.10078125 0.027680140597539545 0.0765625 0.022847100175746926
2 0.8828125 0.6454305799648506 0.0328125 0.023725834797891036
2 0.6546875 0.031195079086115993 0.0265625 0.020210896309314587
2 0.16953125 0.02899824253075571 0.046875 0.023725834797891036
2 0.2265625 0.02899824253075571 0.04375 0.025483304042179262
2 0.33359375 0.028558875219683654 0.046875 0.025483304042179262
2 0.27734375 0.028558875219683654 0.0484375 0.026362038664323375
2 0.7109375 0.029437609841827767 0.040625 0.020210896309314587
2 0.903125 0.1313708260105448 0.08125 0.0351493848857645
2 0.765625 0.02899824253075571 0.040625 0.01845342706502636
4 0.5 0.3615992970123023 0.284375 0.02899824253075571
4 0.503125 0.3954305799648506 0.20625 0.019332161687170474
4 0.19140625 0.44727592267135324 0.25625 0.027240773286467488
4 0.3296875 0.5131810193321616 0.5125 0.033391915641476276
4 0.18828125 0.5716168717047452 0.240625 0.029876977152899824
4 0.20859375 0.6454305799648506 0.278125 0.03427065026362039
4 0.15546875 0.7249560632688928 0.175 0.020210896309314587
4 0.10390625 0.7047451669595782 0.09375 0.021968365553602813
4 0.22578125 0.7693321616871704 0.3109375 0.029876977152899824
5 0.49921875 0.8545694200351494 0.7265625 0.05008787346221441
4 0.5015625 0.8545694200351494 0.290625 0.0210896309314587
2 0.8796875 0.45518453427065025 0.040625 0.022847100175746926
4 0.5 0.08743409490333919 0.2625 0.027240773286467488
2 0.80546875 0.029437609841827767 0.034375 0.019332161687170474
2 0.84375 0.028558875219683654 0.028125 0.01845342706502636
4 0.8984375 0.028119507908611598 0.071875 0.020210896309314587
2 0.3875 0.027680140597539545 0.03125 0.015817223198594025
4 0.1484375 0.46968365553602814 0.15 0.01757469244288225