2 0.8828125 0.5206502636203867 0.0328125 0.02460456942003515
2 0.06953125 0.0913884007029877 0.053125 0.029876977152899824
2 0.8828125 0.5826010544815465 0.03125 0.02460456942003515
4 0.50390625 0.0883128295254833 0.275 0.03427065026362039
2 0.62734375 0.030755711775043937 0.025 0.019332161687170474
3 0.5015625 0.23154657293497363 0.5453125 0.15289982425307558
2 0.8828125 0.6454305799648506 0.0328125 0.023725834797891036
2 0.7671875 0.027240773286467488 0.109375 0.023725834797891036
2 0.33125 0.02899824253075571 0.0453125 0.020210896309314587
2 0.22578125 0.02899824253075571 0.0453125 0.0210896309314587
2 0.903125 0.13181019332161686 0.08125 0.0351493848857645
4 0.1046875 0.02899824253075571 0.0765625 0.019332161687170474
4 0.22421875 0.7653778558875219 0.321875 0.019332161687170474
4 0.21875 0.7275922671353251 0.3 0.021968365553602813
4 0.10625 0.703427065026362 0.0890625 0.01757469244288225
2 0.27734375 0.028558875219683654 0.0421875 0.0210896309314587
4 0.5 0.359402460456942 0.35625 0.0351493848857645
4 0.50234375 0.39718804920913886 0.18125 0.02460456942003515
4 0.165625 0.46748681898066785 0.1984375 0.020210896309314587
4 0.190625 0.44639718804920914 0.2640625 0.020210896309314587
2 0.8796875 0.45430579964850615 0.0578125 0.029876977152899824
4 0.32890625 0.5087873462214412 0.53125 0.028119507908611598
4 0.1953125 0.5724956063268892 0.25625 0.029876977152899824
4 0.20625 0.6436731107205624 0.2875 0.025483304042179262
5 0.49921875 0.8554481546572935 0.725 0.04745166959578207
4 0.503125 0.8545694200351494 0.3125 0.023725834797891036
2 0.38515625 0.02899824253075571 0.0234375 0.014938488576449912
2 0.68125 0.028119507908611598 0.0390625 0.019332161687170474
2 0.84296875 0.027680140597539545 0.0265625 0.022847100175746926
4 0.9 0.027680140597539545 0.071875 0.0210896309314587
2 0.17109375 0.029437609841827767 0.04375 0.0210896309314587
4 0.13984375 0.789103690685413 0.134375 0.021968365553602813
4 0.1078125 0.531195079086116 0.0828125 0.01845342706502636