2 0.06953125 0.0913884007029877 0.053125 0.029876977152899824
2 0.8828125 0.5202108963093146 0.0328125 0.02460456942003515
2 0.8828125 0.5826010544815465 0.03125 0.023725834797891036
3 0.49765625 0.2359402460456942 0.4796875 0.140597539543058
2 0.8828125 0.6454305799648506 0.0328125 0.023725834797891036
2 0.653125 0.030755711775043937 0.03125 0.019332161687170474
2 0.33359375 0.029437609841827767 0.0453125 0.01845342706502636
2 0.7125 0.028119507908611598 0.0484375 0.025483304042179262
2 0.22421875 0.03031634446397188 0.04375 0.022847100175746926
2 0.9 0.1313708260105448 0.08125 0.0351493848857645
2 0.27734375 0.029876977152899824 0.0421875 0.019332161687170474
2 0.78515625 0.02899824253075571 0.0765625 0.0210896309314587
2 0.16953125 0.02899824253075571 0.040625 0.020210896309314587
4 0.50390625 0.3602811950790861 0.2828125 0.027240773286467488
4 0.5046875 0.39499121265377857 0.1953125 0.020210896309314587
4 0.196875 0.4477152899824253 0.25 0.019332161687170474
2 0.88203125 0.45474516695957823 0.0484375 0.02460456942003515
4 0.32890625 0.5118629173989455 0.50625 0.022847100175746926
4 0.18984375 0.5724956063268892 0.240625 0.0210896309314587
4 0.20546875 0.6441124780316344 0.265625 0.025483304042179262
4 0.5015625 0.08963093145869948 0.2546875 0.027240773286467488
5 0.5015625 0.8550087873462214 0.7234375 0.04481546572934974
4 0.5 0.8541300527240774 0.278125 0.0210896309314587
4 0.2265625 0.7693321616871704 0.3015625 0.026362038664323375
4 0.15546875 0.7249560632688928 0.1640625 0.01757469244288225
4 0.10078125 0.7047451669595782 0.065625 0.01845342706502636
4 0.1078125 0.02680140597539543 0.075 0.0210896309314587
2 0.3875 0.028558875219683654 0.0265625 0.014938488576449912
2 0.84140625 0.028119507908611598 0.028125 0.019332161687170474
4 0.89921875 0.027240773286467488 0.0734375 0.01757469244288225
4 0.14453125 0.46924428822495606 0.146875 0.016695957820738138