2 0.628125 0.02899824253075571 0.0265625 0.01845342706502636
3 0.44921875 0.40817223198594027 0.0375 0.030755711775043937
2 0.22578125 0.028119507908611598 0.0390625 0.022847100175746926
2 0.6859375 0.028558875219683654 0.040625 0.022847100175746926
2 0.27734375 0.028119507908611598 0.0390625 0.021968365553602813
2 0.33203125 0.029876977152899824 0.04375 0.022847100175746926
2 0.38515625 0.028558875219683654 0.015625 0.015817223198594025
4 0.103125 0.027240773286467488 0.090625 0.025483304042179262
2 0.171875 0.028119507908611598 0.0390625 0.0210896309314587
2 0.76953125 0.028558875219683654 0.103125 0.020210896309314587
4 0.5 0.17838312829525482 0.1546875 0.0210896309314587
3 0.4875 0.29130052724077327 0.5125 0.13620386643233742
4 0.52109375 0.4024604569420035 0.1046875 0.0421792618629174
5 0.3546875 0.5804042179261862 0.19375 0.1195079086115993
4 0.35625 0.6212653778558875 0.1296875 0.027240773286467488
5 0.6484375 0.5795254833040422 0.19375 0.12214411247803164
4 0.6421875 0.6199472759226714 0.1515625 0.02899824253075571
4 0.49921875 0.08875219683655536 0.2921875 0.029876977152899824
2 0.06640625 0.08655536028119508 0.0609375 0.02460456942003515
4 0.89921875 0.029876977152899824 0.075 0.025483304042179262
5 0.4984375 0.9345342706502636 0.9953125 0.12214411247803164
4 0.50078125 0.930140597539543 0.2265625 0.03163444639718805
2 0.84453125 0.028119507908611598 0.028125 0.0210896309314587