2 0.06875 0.08875219683655536 0.0515625 0.023725834797891036
4 0.50078125 0.15685413005272408 0.246875 0.0210896309314587
2 0.63984375 0.030755711775043937 0.025 0.01845342706502636
2 0.3328125 0.02899824253075571 0.0390625 0.01757469244288225
3 0.19375 0.3062390158172232 0.2046875 0.06239015817223199
2 0.6984375 0.029437609841827767 0.0390625 0.019332161687170474
2 0.27734375 0.02899824253075571 0.0390625 0.015817223198594025
5 0.50234375 0.1555360281195079 0.8453125 0.048330404217926184
2 0.8546875 0.2438488576449912 0.084375 0.03427065026362039
4 0.10546875 0.028119507908611598 0.075 0.019332161687170474
2 0.22734375 0.02899824253075571 0.0421875 0.01845342706502636
4 0.50703125 0.08963093145869948 0.4734375 0.03163444639718805
4 0.490625 0.27768014059753954 0.296875 0.029876977152899824
4 0.14609375 0.2508787346221441 0.16875 0.02460456942003515
5 0.50078125 0.3804920913884007 0.9265625 0.0351493848857645
4 0.81953125 0.38181019332161686 0.196875 0.021968365553602813
4 0.21484375 0.20650263620386644 0.3703125 0.0210896309314587
2 0.7796875 0.028558875219683654 0.09375 0.019332161687170474
2 0.8484375 0.028558875219683654 0.025 0.016695957820738138
4 0.90234375 0.02899824253075571 0.06875 0.019332161687170474
2 0.16953125 0.028558875219683654 0.04375 0.019332161687170474
2 0.38671875 0.028119507908611598 0.021875 0.012302284710017574