2 0.06953125 0.09094903339191564 0.053125 0.027240773286467488
4 0.50078125 0.1555360281195079 0.25 0.020210896309314587
2 0.33359375 0.029876977152899824 0.04375 0.01845342706502636
2 0.6953125 0.027240773286467488 0.04375 0.0210896309314587
2 0.63359375 0.027240773286467488 0.0265625 0.019332161687170474
2 0.28046875 0.02680140597539543 0.0453125 0.019332161687170474
3 0.19375 0.3062390158172232 0.2046875 0.06063268892794376
3 0.19453125 0.5118629173989455 0.1984375 0.061511423550087874
4 0.1046875 0.027240773286467488 0.075 0.020210896309314587
5 0.50078125 0.1555360281195079 0.8453125 0.04657293497363796
2 0.8546875 0.2438488576449912 0.084375 0.03427065026362039
4 0.8984375 0.02680140597539543 0.0703125 0.019332161687170474
2 0.2265625 0.027680140597539545 0.040625 0.0210896309314587
5 0.49921875 0.38005272407732865 0.9296875 0.03866432337434095
4 0.82890625 0.38093145869947276 0.1859375 0.01845342706502636
5 0.503125 0.5922671353251318 0.93125 0.040421792618629174
4 0.828125 0.5940246045694201 0.190625 0.014938488576449912
4 0.19453125 0.4200351493848858 0.3375 0.02460456942003515
4 0.4609375 0.48945518453427067 0.234375 0.026362038664323375
4 0.21796875 0.2069420035149385 0.375 0.0210896309314587
4 0.4875 0.27768014059753954 0.2890625 0.027240773286467488
4 0.15 0.24956063268892795 0.1578125 0.022847100175746926
4 0.5 0.08743409490333919 0.4703125 0.02899824253075571
2 0.171875 0.02899824253075571 0.0421875 0.020210896309314587
2 0.384375 0.027680140597539545 0.0234375 0.014059753954305799
2 0.775 0.028558875219683654 0.0921875 0.0210896309314587
2 0.84375 0.028119507908611598 0.03125 0.01845342706502636