2 0.06953125 0.0913884007029877 0.053125 0.029876977152899824
5 0.69296875 0.5891915641476274 0.371875 0.048330404217926184
2 0.62578125 0.027680140597539545 0.03125 0.020210896309314587
5 0.30234375 0.5896309314586995 0.3765625 0.048330404217926184
4 0.49921875 0.08743409490333919 0.2546875 0.02899824253075571
5 0.49765625 0.8545694200351494 0.728125 0.050966608084358524
2 0.68671875 0.027680140597539545 0.0359375 0.019332161687170474
3 0.5296875 0.23945518453427064 0.525 0.13620386643233742
2 0.90234375 0.13181019332161686 0.08125 0.0351493848857645
2 0.3328125 0.030755711775043937 0.046875 0.021968365553602813
2 0.38359375 0.02899824253075571 0.0140625 0.014938488576449912
2 0.84453125 0.029876977152899824 0.021875 0.019332161687170474
4 0.30859375 0.4314586994727592 0.3984375 0.030755711775043937
4 0.50234375 0.35984182776801404 0.3515625 0.03251318101933216
4 0.30078125 0.5874340949033392 0.13125 0.025483304042179262
4 0.696875 0.5900702987697716 0.1328125 0.028119507908611598
4 0.10234375 0.028558875219683654 0.0796875 0.021968365553602813
4 0.896875 0.028119507908611598 0.0703125 0.020210896309314587
2 0.76953125 0.027680140597539545 0.1109375 0.0210896309314587
2 0.16953125 0.03031634446397188 0.04375 0.022847100175746926
2 0.22421875 0.03031634446397188 0.0375 0.023725834797891036
2 0.275 0.02899824253075571 0.0484375 0.0210896309314587
4 0.45390625 0.5004393673110721 0.6921875 0.0210896309314587
4 0.48125 0.47759226713532515 0.753125 0.021968365553602813
4 0.10625 0.703427065026362 0.0765625 0.021968365553602813
4 0.22421875 0.7662565905096661 0.3296875 0.022847100175746926
4 0.50234375 0.8563268892794376 0.2953125 0.021968365553602813
4 0.334375 0.5224077328646749 0.446875 0.022847100175746926
4 0.21484375 0.7253954305799648 0.290625 0.014938488576449912
4 0.1359375 0.7882249560632689 0.1265625 0.01757469244288225