2 0.67421875 0.03251318101933216 0.025 0.019332161687170474
5 0.690625 0.5909490333919156 0.378125 0.05008787346221441
5 0.30078125 0.5878734622144113 0.38125 0.048330404217926184
2 0.8625 0.03031634446397188 0.0265625 0.0210896309314587
4 0.91640625 0.031195079086115993 0.071875 0.0210896309314587
4 0.21015625 0.4283831282952548 0.209375 0.02899824253075571
4 0.41875 0.4806678383128295 0.63125 0.043936731107205626
4 0.3015625 0.5878734622144113 0.1375 0.023725834797891036
4 0.69453125 0.5927065026362038 0.1484375 0.022847100175746926
4 0.515625 0.08919156414762741 0.2484375 0.03602811950790861
2 0.08125 0.08216168717047452 0.0671875 0.02899824253075571
3 0.525 0.28910369068541303 0.384375 0.17926186291739896
4 0.5078125 0.17706502636203866 0.2125 0.02899824253075571
4 0.11171875 0.025483304042179262 0.0734375 0.02460456942003515
2 0.184375 0.02592267135325132 0.05 0.0210896309314587
2 0.2390625 0.02680140597539543 0.046875 0.026362038664323375
2 0.2921875 0.026362038664323375 0.0390625 0.016695957820738138
2 0.34609375 0.02592267135325132 0.0484375 0.01845342706502636
2 0.40234375 0.02680140597539543 0.0296875 0.013181019332161687
2 0.72890625 0.029876977152899824 0.04375 0.022847100175746926
2 0.78359375 0.029876977152899824 0.0390625 0.01757469244288225
2 0.82578125 0.03031634446397188 0.03125 0.01845342706502636