4 0.27421875 0.5061511423550088 0.259375 0.029876977152899824
5 0.69609375 0.5790861159929701 0.3796875 0.04657293497363796
2 0.06953125 0.0913884007029877 0.053125 0.029876977152899824
2 0.8828125 0.6454305799648506 0.03125 0.021968365553602813
5 0.30546875 0.577768014059754 0.3734375 0.04657293497363796
2 0.68671875 0.028558875219683654 0.0359375 0.01845342706502636
4 0.49921875 0.08743409490333919 0.2546875 0.02899824253075571
5 0.4984375 0.8536906854130053 0.721875 0.04569420035149385
2 0.6296875 0.027240773286467488 0.0328125 0.01757469244288225
3 0.50625 0.23462214411247803 0.525 0.14411247803163443
2 0.903125 0.13181019332161686 0.08125 0.0351493848857645
5 0.49921875 0.5043936731107206 0.7734375 0.05711775043936731
2 0.32890625 0.027680140597539545 0.046875 0.01757469244288225
2 0.38359375 0.02899824253075571 0.0140625 0.014938488576449912
0 0.84375 0.027240773286467488 0.0265625 0.021968365553602813
2 0.84453125 0.029876977152899824 0.021875 0.019332161687170474
2 0.17109375 0.029876977152899824 0.0359375 0.01845342706502636
4 0.303125 0.5782073813708261 0.1265625 0.020210896309314587
4 0.69921875 0.5804042179261862 0.1 0.025483304042179262
4 0.259375 0.44420035149384884 0.3109375 0.03251318101933216
4 0.5 0.3602811950790861 0.353125 0.03163444639718805
4 0.103125 0.027680140597539545 0.075 0.0210896309314587
2 0.2234375 0.029876977152899824 0.040625 0.0210896309314587
2 0.2765625 0.028558875219683654 0.05 0.016695957820738138
2 0.76875 0.028558875219683654 0.10625 0.019332161687170474
4 0.89453125 0.028558875219683654 0.071875 0.01757469244288225
4 0.203125 0.6441124780316344 0.2765625 0.020210896309314587
4 0.21640625 0.7258347978910369 0.296875 0.019332161687170474
4 0.10546875 0.7043057996485061 0.071875 0.020210896309314587
4 0.2265625 0.7671353251318102 0.3109375 0.0210896309314587
4 0.50078125 0.8554481546572935 0.284375 0.020210896309314587
4 0.13671875 0.789103690685413 0.1359375 0.020210896309314587