2 0.6375 0.029876977152899824 0.025 0.019332161687170474
2 0.69296875 0.025483304042179262 0.04375 0.020210896309314587
2 0.74609375 0.025043936731107205 0.0359375 0.019332161687170474
2 0.49453125 0.2649384885764499 0.109375 0.048330404217926184
4 0.49765625 0.3602811950790861 0.35625 0.0351493848857645
4 0.490625 0.08919156414762741 0.2484375 0.037785588752196834
2 0.05234375 0.09050966608084358 0.071875 0.03251318101933216
4 0.0921875 0.03251318101933216 0.0734375 0.019332161687170474
2 0.2484375 0.03031634446397188 0.0515625 0.022847100175746926
2 0.29609375 0.03163444639718805 0.0328125 0.019332161687170474
2 0.36953125 0.028558875219683654 0.03125 0.012302284710017574
2 0.1546875 0.03251318101933216 0.040625 0.019332161687170474
2 0.7859375 0.026362038664323375 0.0390625 0.01845342706502636
2 0.8265625 0.025043936731107205 0.0265625 0.023725834797891036
4 0.8859375 0.024165202108963092 0.078125 0.0210896309314587