3 0.44921875 0.40817223198594027 0.0375 0.030755711775043937
2 0.63359375 0.028119507908611598 0.025 0.0210896309314587
2 0.16953125 0.03163444639718805 0.040625 0.0210896309314587
4 0.10078125 0.028119507908611598 0.0671875 0.021968365553602813
2 0.22421875 0.028558875219683654 0.0359375 0.022847100175746926
2 0.275 0.028558875219683654 0.0453125 0.0210896309314587
2 0.33046875 0.028558875219683654 0.046875 0.019332161687170474
2 0.384375 0.028558875219683654 0.0203125 0.014938488576449912
2 0.06796875 0.08875219683655536 0.05625 0.025483304042179262
5 0.6453125 0.5799648506151143 0.225 0.13708260105448156
5 0.353125 0.5804042179261862 0.21875 0.140597539543058
4 0.5234375 0.4028998242530756 0.0953125 0.0421792618629174
3 0.4921875 0.29130052724077327 0.521875 0.14411247803163443
4 0.4984375 0.17794376098418277 0.165625 0.027240773286467488
4 0.50078125 0.08919156414762741 0.2984375 0.03163444639718805
2 0.84375 0.02592267135325132 0.025 0.021968365553602813
4 0.8984375 0.028119507908611598 0.075 0.02460456942003515
4 0.3546875 0.6203866432337434 0.1296875 0.021968365553602813
4 0.64375 0.6195079086115993 0.1484375 0.02460456942003515
5 0.50078125 0.9393673110720563 0.9984375 0.12126537785588752
4 0.5 0.930140597539543 0.2125 0.027240773286467488
3 0.646875 0.56195079086116 0.1828125 0.0843585237258348
3 0.353125 0.562390158172232 0.1796875 0.08084358523725835
2 0.69140625 0.028558875219683654 0.0484375 0.022847100175746926
2 0.77734375 0.02899824253075571 0.0921875 0.025483304042179262