2 0.06953125 0.09094903339191564 0.053125 0.027240773286467488
5 0.4984375 0.1555360281195079 0.85625 0.04657293497363796
4 0.5 0.15509666080843584 0.25 0.027240773286467488
2 0.334375 0.029437609841827767 0.04375 0.019332161687170474
2 0.22734375 0.03031634446397188 0.0375 0.0210896309314587
2 0.28125 0.029876977152899824 0.04375 0.020210896309314587
3 0.19296875 0.30404217926186294 0.2046875 0.0641476274165202
2 0.65234375 0.029437609841827767 0.025 0.01845342706502636
4 0.10546875 0.027680140597539545 0.071875 0.021968365553602813
2 0.709375 0.029437609841827767 0.04375 0.020210896309314587
2 0.8546875 0.2438488576449912 0.084375 0.03427065026362039
4 0.46015625 0.27680140597539543 0.2453125 0.03163444639718805
4 0.46328125 0.4881370826010545 0.259375 0.030755711775043937
5 0.50234375 0.38224956063268895 0.928125 0.0351493848857645
4 0.828125 0.3804920913884007 0.1875 0.023725834797891036
5 0.49921875 0.593585237258348 0.9328125 0.0351493848857645
4 0.83046875 0.5927065026362038 0.2015625 0.0210896309314587
3 0.18125 0.5127416520210897 0.1609375 0.08787346221441125
4 0.19921875 0.4200351493848858 0.328125 0.022847100175746926
4 0.50234375 0.0883128295254833 0.4703125 0.0351493848857645
4 0.2140625 0.2056239015817223 0.375 0.02460456942003515
4 0.1515625 0.25 0.1765625 0.026362038664323375
2 0.17109375 0.029437609841827767 0.040625 0.021968365553602813
0 0.76640625 0.028558875219683654 0.04375 0.01845342706502636
0 0.80703125 0.028558875219683654 0.0375 0.019332161687170474
0 0.84375 0.027680140597539545 0.0265625 0.020210896309314587
4 0.89921875 0.028558875219683654 0.078125 0.01845342706502636
2 0.38828125 0.029437609841827767 0.0359375 0.01757469244288225