5 0.49609375 0.18497363796133567 0.946875 0.12390158172231985
2 0.06953125 0.09094903339191564 0.053125 0.027240773286467488
2 0.659375 0.030755711775043937 0.025 0.01757469244288225
4 0.10390625 0.02899824253075571 0.071875 0.019332161687170474
4 0.4984375 0.08963093145869948 0.20625 0.027240773286467488
4 0.503125 0.16739894551845344 0.2375 0.037785588752196834
4 0.12421875 0.2069420035149385 0.1125 0.02899824253075571
4 0.72421875 0.2056239015817223 0.2875 0.02899824253075571
2 0.90546875 0.20254833040421794 0.046875 0.028119507908611598
2 0.17109375 0.027680140597539545 0.04375 0.0210896309314587
2 0.22421875 0.029437609841827767 0.040625 0.020210896309314587
2 0.27734375 0.02899824253075571 0.0421875 0.01757469244288225
2 0.33359375 0.02899824253075571 0.040625 0.01757469244288225
2 0.3859375 0.027240773286467488 0.021875 0.011423550087873463
2 0.715625 0.029876977152899824 0.0390625 0.0210896309314587
2 0.7703125 0.027680140597539545 0.0421875 0.01757469244288225
2 0.8109375 0.02899824253075571 0.0359375 0.020210896309314587
2 0.8484375 0.028119507908611598 0.025 0.020210896309314587
4 0.90234375 0.028119507908611598 0.071875 0.01845342706502636