2 0.06953125 0.0913884007029877 0.053125 0.029876977152899824
2 0.659375 0.030755711775043937 0.025 0.019332161687170474
5 0.6953125 0.5896309314586995 0.3828125 0.04745166959578207
5 0.3015625 0.5905096660808435 0.3765625 0.0492091388400703
2 0.33203125 0.029437609841827767 0.05 0.016695957820738138
2 0.38515625 0.02899824253075571 0.015625 0.014938488576449912
2 0.85 0.027680140597539545 0.028125 0.019332161687170474
4 0.90078125 0.027680140597539545 0.0625 0.0210896309314587
4 0.309375 0.43014059753954303 0.4 0.022847100175746926
4 0.45546875 0.5004393673110721 0.690625 0.020210896309314587
4 0.48359375 0.48154657293497366 0.7546875 0.0210896309314587
4 0.33828125 0.5224077328646749 0.453125 0.023725834797891036
4 0.30703125 0.5891915641476274 0.140625 0.022847100175746926
4 0.69921875 0.5896309314586995 0.1203125 0.027240773286467488
5 0.4984375 0.7293497363796133 0.7296875 0.05272407732864675
4 0.50703125 0.7289103690685413 0.3 0.020210896309314587
4 0.49921875 0.35984182776801404 0.2875 0.029876977152899824
3 0.49921875 0.22803163444639718 0.3875 0.18541300527240773
4 0.5 0.08787346221441125 0.2703125 0.026362038664323375
2 0.9046875 0.13093145869947276 0.090625 0.03866432337434095
4 0.1046875 0.027240773286467488 0.078125 0.020210896309314587
2 0.17109375 0.028119507908611598 0.0328125 0.023725834797891036
2 0.2234375 0.031195079086115993 0.040625 0.022847100175746926
2 0.278125 0.02899824253075571 0.0453125 0.0210896309314587
2 0.71640625 0.029437609841827767 0.0390625 0.020210896309314587
2 0.7671875 0.028119507908611598 0.0421875 0.019332161687170474
2 0.809375 0.02899824253075571 0.0328125 0.019332161687170474