5 0.69609375 0.7407732864674869 0.3734375 0.048330404217926184
2 0.06953125 0.0913884007029877 0.053125 0.02899824253075571
5 0.30625 0.7416520210896309 0.3765625 0.04569420035149385
2 0.625 0.02680140597539543 0.025 0.019332161687170474
4 0.49921875 0.08699472759226713 0.25625 0.028119507908611598
4 0.2375 0.45166959578207383 0.05 0.022847100175746926
2 0.68671875 0.028119507908611598 0.0359375 0.019332161687170474
2 0.38359375 0.028558875219683654 0.0140625 0.014059753954305799
3 0.496875 0.2047451669595782 0.4828125 0.07820738137082602
2 0.84453125 0.029876977152899824 0.0203125 0.019332161687170474
4 0.25234375 0.343585237258348 0.09375 0.023725834797891036
4 0.2296875 0.3967486818980668 0.046875 0.0210896309314587
4 0.24375 0.5030755711775043 0.0546875 0.019332161687170474
4 0.23671875 0.5588752196836555 0.05 0.021968365553602813
4 0.23828125 0.6120386643233744 0.0625 0.019332161687170474
4 0.23671875 0.6652021089630932 0.053125 0.021968365553602813
4 0.43046875 0.28163444639718804 0.6453125 0.03427065026362039
4 0.1046875 0.02899824253075571 0.0703125 0.015817223198594025
2 0.16875 0.028119507908611598 0.0453125 0.019332161687170474
2 0.2234375 0.02899824253075571 0.040625 0.019332161687170474
2 0.2765625 0.02899824253075571 0.0421875 0.01757469244288225
2 0.33046875 0.028558875219683654 0.040625 0.016695957820738138
2 0.771875 0.02899824253075571 0.10625 0.019332161687170474
4 0.89765625 0.02899824253075571 0.06875 0.014938488576449912
4 0.303125 0.7390158172231986 0.121875 0.022847100175746926
4 0.69296875 0.7412126537785588 0.121875 0.025483304042179262
2 0.90234375 0.13181019332161686 0.0828125 0.03602811950790861
5 0.5 0.8554481546572935 0.7296875 0.050966608084358524
4 0.5015625 0.8545694200351494 0.2875 0.025483304042179262
1 0.159375 0.3422671353251318 0.05625 0.028119507908611598
1 0.16171875 0.3954305799648506 0.05625 0.02460456942003515
1 0.1609375 0.44903339191564146 0.05 0.027240773286467488
1 0.1625 0.5035149384885764 0.05625 0.025483304042179262
1 0.16015625 0.5562390158172232 0.053125 0.027240773286467488
1 0.159375 0.6102811950790861 0.053125 0.027240773286467488
1 0.16171875 0.6652021089630932 0.0515625 0.025483304042179262