5 0.69296875 0.5782073813708261 0.3734375 0.0492091388400703
2 0.06953125 0.0913884007029877 0.053125 0.029876977152899824
5 0.5 0.5030755711775043 0.76875 0.050966608084358524
2 0.8828125 0.6454305799648506 0.03125 0.021968365553602813
5 0.30390625 0.578646748681898 0.3703125 0.04481546572934974
5 0.4984375 0.8554481546572935 0.7328125 0.05008787346221441
2 0.65234375 0.02899824253075571 0.0296875 0.019332161687170474
4 0.49921875 0.08743409490333919 0.2546875 0.029876977152899824
2 0.90234375 0.13181019332161686 0.08125 0.0351493848857645
2 0.33046875 0.028119507908611598 0.046875 0.01845342706502636
2 0.38671875 0.029437609841827767 0.021875 0.014938488576449912
3 0.525 0.23857644991212654 0.5125 0.13708260105448156
4 0.26328125 0.44112478031634444 0.3015625 0.028119507908611598
4 0.50234375 0.35984182776801404 0.2796875 0.03602811950790861
4 0.2140625 0.6449912126537786 0.30625 0.02899824253075571
4 0.15234375 0.726274165202109 0.171875 0.019332161687170474
4 0.09921875 0.703427065026362 0.06875 0.022847100175746926
4 0.221875 0.7693321616871704 0.33125 0.03690685413005272
4 0.1015625 0.029876977152899824 0.078125 0.015817223198594025
2 0.171875 0.029876977152899824 0.0453125 0.020210896309314587
2 0.22578125 0.029876977152899824 0.0375 0.0210896309314587
2 0.2765625 0.028119507908611598 0.0421875 0.0210896309314587
2 0.7078125 0.027680140597539545 0.0359375 0.022847100175746926
2 0.76171875 0.027680140597539545 0.0421875 0.01845342706502636
2 0.80390625 0.028558875219683654 0.03125 0.019332161687170474
2 0.84375 0.02680140597539543 0.0265625 0.022847100175746926
4 0.896875 0.027240773286467488 0.06875 0.020210896309314587
4 0.2484375 0.5026362038664324 0.209375 0.030755711775043937
4 0.4984375 0.8563268892794376 0.3140625 0.02460456942003515
4 0.30390625 0.578646748681898 0.134375 0.02460456942003515
4 0.69609375 0.578646748681898 0.1171875 0.026362038664323375