2 0.659375 0.031195079086115993 0.0234375 0.019332161687170474
2 0.278125 0.02899824253075571 0.046875 0.020210896309314587
2 0.1734375 0.02899824253075571 0.0453125 0.019332161687170474
2 0.22734375 0.028558875219683654 0.0390625 0.020210896309314587
2 0.06875 0.08875219683655536 0.0578125 0.025483304042179262
2 0.771875 0.026362038664323375 0.040625 0.016695957820738138
2 0.3328125 0.02899824253075571 0.046875 0.0210896309314587
4 0.4984375 0.0883128295254833 0.246875 0.033391915641476276
3 0.49765625 0.29305799648506153 0.353125 0.18541300527240773
4 0.50078125 0.17706502636203866 0.2109375 0.02460456942003515
2 0.3859375 0.02899824253075571 0.021875 0.012302284710017574
4 0.10625 0.027240773286467488 0.0828125 0.01845342706502636
2 0.71328125 0.028119507908611598 0.0390625 0.020210896309314587
2 0.809375 0.028558875219683654 0.0359375 0.016695957820738138
2 0.84921875 0.027680140597539545 0.028125 0.01757469244288225
4 0.9046875 0.02899824253075571 0.0671875 0.015817223198594025