5 0.70390625 0.7381370826010545 0.375 0.04745166959578207
2 0.05703125 0.09578207381370826 0.0546875 0.029876977152899824
5 0.31171875 0.7438488576449912 0.375 0.043936731107205626
2 0.61875 0.029437609841827767 0.0265625 0.019332161687170474
4 0.48671875 0.08699472759226713 0.25625 0.03163444639718805
4 0.24375 0.6133567662565905 0.065625 0.028119507908611598
4 0.2375 0.5601933216168717 0.05625 0.025483304042179262
4 0.240625 0.507908611599297 0.071875 0.02899824253075571
4 0.2359375 0.45430579964850615 0.05 0.023725834797891036
3 0.484375 0.20430579964850615 0.521875 0.08172231985940245
2 0.315625 0.031195079086115993 0.046875 0.01845342706502636
2 0.36875 0.029876977152899824 0.0140625 0.014059753954305799
2 0.78671875 0.025483304042179262 0.0375 0.015817223198594025
2 0.8265625 0.02680140597539543 0.0203125 0.01845342706502636
4 0.2453125 0.34578207381370824 0.0875 0.025483304042179262
4 0.22890625 0.3989455184534271 0.046875 0.021968365553602813
4 0.23984375 0.6695957820738138 0.0671875 0.028119507908611598
4 0.42109375 0.28295254833040423 0.65 0.04481546572934974
2 0.88984375 0.12609841827768015 0.0890625 0.0351493848857645
4 0.3140625 0.742091388400703 0.1421875 0.025483304042179262
4 0.7046875 0.7390158172231986 0.115625 0.025483304042179262
5 0.509375 0.8541300527240774 0.7265625 0.05272407732864675
4 0.5140625 0.8558875219683656 0.2984375 0.026362038664323375
4 0.08828125 0.03251318101933216 0.08125 0.019332161687170474
4 0.8828125 0.02460456942003515 0.0734375 0.019332161687170474
2 0.1546875 0.0320738137082601 0.040625 0.0210896309314587
2 0.209375 0.03163444639718805 0.0421875 0.020210896309314587
2 0.26015625 0.031195079086115993 0.0421875 0.01757469244288225
2 0.67734375 0.027680140597539545 0.0421875 0.020210896309314587
2 0.73984375 0.026362038664323375 0.04375 0.020210896309314587
1 0.1578125 0.34578207381370824 0.0484375 0.02680140597539543
1 0.15703125 0.3998242530755712 0.0515625 0.027680140597539545
1 0.1609375 0.45210896309314585 0.0515625 0.026362038664323375
1 0.1609375 0.5070298769771528 0.05390625 0.027680140597539545
1 0.1640625 0.5606326889279437 0.0546875 0.027680140597539545
1 0.16484375 0.6137961335676626 0.05234375 0.025043936731107205
1 0.16640625 0.6678383128295254 0.05390625 0.025043936731107205