2 0.06953125 0.0913884007029877 0.053125 0.02899824253075571
2 0.8828125 0.5206502636203867 0.0328125 0.023725834797891036
2 0.659375 0.031195079086115993 0.0265625 0.020210896309314587
2 0.88125 0.5826010544815465 0.034375 0.023725834797891036
4 0.22578125 0.6427943760984183 0.3234375 0.02460456942003515
3 0.48359375 0.23286467486818982 0.278125 0.18453427065026362
2 0.9078125 0.13224956063268892 0.084375 0.03427065026362039
5 0.503125 0.6524604569420035 0.9390625 0.06766256590509666
2 0.27734375 0.02899824253075571 0.0453125 0.020210896309314587
2 0.17109375 0.02899824253075571 0.0390625 0.0210896309314587
2 0.225 0.03031634446397188 0.0390625 0.0210896309314587
2 0.71796875 0.027680140597539545 0.046875 0.022847100175746926
2 0.8875 0.45430579964850615 0.034375 0.023725834797891036
2 0.33515625 0.029876977152899824 0.0453125 0.0210896309314587
4 0.50234375 0.08743409490333919 0.259375 0.029876977152899824
4 0.49921875 0.35896309314586994 0.296875 0.029876977152899824
4 0.5 0.3945518453427065 0.2078125 0.026362038664323375
4 0.18828125 0.44551845342706503 0.24375 0.023725834797891036
4 0.19296875 0.5114235500878734 0.2453125 0.028119507908611598
4 0.2046875 0.5799648506151143 0.2734375 0.026362038664323375
5 0.4984375 0.7297891036906854 0.721875 0.048330404217926184
4 0.5 0.7306678383128296 0.2875 0.02460456942003515
2 0.3890625 0.028119507908611598 0.025 0.014059753954305799
4 0.10625 0.029437609841827767 0.0796875 0.019332161687170474
2 0.81015625 0.028558875219683654 0.0375 0.020210896309314587
2 0.8484375 0.027680140597539545 0.0265625 0.01845342706502636
4 0.90078125 0.02899824253075571 0.0734375 0.01757469244288225
2 0.7703125 0.026362038664323375 0.0421875 0.016695957820738138
4 0.14609375 0.4679261862917399 0.14375 0.021968365553602813