4 0.31640625 0.6577328646748682 0.4046875 0.0210896309314587
4 0.50078125 0.6344463971880492 0.771875 0.021968365553602813
4 0.44453125 0.8071177504393673 0.6609375 0.023725834797891036
4 0.48359375 0.20298769771529 0.7453125 0.02460456942003515
4 0.45546875 0.45957820738137084 0.68125 0.0210896309314587
4 0.465625 0.437609841827768 0.7046875 0.023725834797891036
4 0.32109375 0.37961335676625657 0.41875 0.020210896309314587
4 0.41015625 0.7390158172231986 0.6015625 0.021968365553602813
4 0.39765625 0.570738137082601 0.56875 0.020210896309314587
4 0.47734375 0.5478910369068541 0.728125 0.02460456942003515
4 0.4796875 0.26845342706502634 0.740625 0.02460456942003515
4 0.175 0.48242530755711777 0.11875 0.020210896309314587
4 0.3234375 0.13532513181019332 0.4265625 0.030755711775043937
4 0.478125 0.07644991212653779 0.7234375 0.029876977152899824
4 0.2203125 0.8659929701230229 0.2234375 0.022847100175746926
4 0.4984375 0.7157293497363796 0.778125 0.023725834797891036
4 0.48203125 0.35676625659050965 0.74375 0.022847100175746926
4 0.2328125 0.29086115992970124 0.2421875 0.022847100175746926