4 0.45078125 0.21924428822495606 0.671875 0.020210896309314587
4 0.47421875 0.1968365553602812 0.7140625 0.023725834797891036
4 0.31875 0.2623022847100176 0.4078125 0.0210896309314587
4 0.3703125 0.6652021089630932 0.5078125 0.019332161687170474
4 0.45390625 0.8708260105448155 0.678125 0.0210896309314587
4 0.47578125 0.7253954305799648 0.7125 0.022847100175746926
4 0.46640625 0.5536028119507909 0.696875 0.0210896309314587
4 0.496875 0.5329525483304042 0.759375 0.01845342706502636
4 0.35859375 0.812829525483304 0.484375 0.0210896309314587
4 0.4953125 0.4090509666080844 0.765625 0.021968365553602813
4 0.48515625 0.5105448154657294 0.7328125 0.020210896309314587
4 0.475 0.11862917398945519 0.7203125 0.019332161687170474
4 0.4875 0.09578207381370826 0.746875 0.0210896309314587
4 0.44296875 0.07337434094903339 0.65625 0.020210896309314587
4 0.2484375 0.5764499121265377 0.253125 0.01845342706502636
4 0.49765625 0.24033391915641475 0.7640625 0.019332161687170474
4 0.1875 0.34402460456942 0.1421875 0.022847100175746926
4 0.17578125 0.45254833040421794 0.121875 0.01845342706502636
4 0.203125 0.9152021089630932 0.1796875 0.0210896309314587
4 0.46953125 0.8945518453427065 0.709375 0.019332161687170474
4 0.471875 0.13927943760984182 0.709375 0.019332161687170474
4 0.44140625 0.7913005272407733 0.6578125 0.0210896309314587
4 0.47421875 0.320298769771529 0.721875 0.020210896309314587
4 0.503125 0.6441124780316344 0.7796875 0.021968365553602813
4 0.48515625 0.4314586994727592 0.7390625 0.020210896309314587