5 0.61484375 0.867311072056239 0.11875 0.05711775043936731
4 0.32421875 0.2662565905096661 0.4203125 0.02460456942003515
4 0.38203125 0.37917398945518455 0.525 0.022847100175746926
5 0.22421875 0.8743409490333919 0.1609375 0.03602811950790861
5 0.4203125 0.8813708260105448 0.1234375 0.028119507908611598
4 0.465625 0.2218804920913884 0.70625 0.0210896309314587
4 0.43828125 0.5843585237258347 0.640625 0.021968365553602813
4 0.32421875 0.15641476274165203 0.4234375 0.025483304042179262
4 0.43828125 0.4398066783831283 0.6375 0.0210896309314587
4 0.359375 0.3462214411247803 0.4890625 0.01845342706502636
4 0.49921875 0.7381370826010545 0.7671875 0.021968365553602813
4 0.25625 0.0984182776801406 0.28125 0.022847100175746926
4 0.48359375 0.5074692442882249 0.740625 0.01757469244288225
6 0.61640625 0.8910369068541301 0.0671875 0.025483304042179262
4 0.48359375 0.6498242530755711 0.7359375 0.0210896309314587
4 0.496875 0.07513181019332162 0.7625 0.02460456942003515
4 0.48984375 0.3242530755711775 0.75 0.021968365553602813
4 0.1734375 0.7710896309314587 0.1109375 0.021968365553602813
4 0.43828125 0.672231985940246 0.6390625 0.019332161687170474
4 0.478125 0.5272407732864675 0.71875 0.020210896309314587
4 0.49375 0.2438488576449912 0.7609375 0.0210896309314587
4 0.24765625 0.5500878734622144 0.259375 0.0210896309314587
6 0.35703125 0.8822495606326889 0.0546875 0.04481546572934974
6 0.47734375 0.8822495606326889 0.04375 0.03954305799648506