4 0.32265625 0.5096660808435852 0.41875 0.033391915641476276
4 0.4125 0.45518453427065025 0.603125 0.03163444639718805
4 0.41875 0.37697715289982425 0.6125 0.03163444639718805
4 0.31171875 0.09753954305799649 0.390625 0.023725834797891036
4 0.34609375 0.1634446397188049 0.471875 0.026362038664323375
4 0.37578125 0.29569420035149385 0.534375 0.03251318101933216
4 0.15078125 0.5689806678383128 0.0625 0.025483304042179262
4 0.409375 0.8290861159929701 0.6046875 0.025483304042179262
4 0.29921875 0.7587873462214412 0.38125 0.033391915641476276
4 0.471875 0.07557117750439367 0.7125 0.02460456942003515
4 0.15078125 0.6335676625659051 0.0671875 0.025483304042179262
4 0.20546875 0.22978910369068542 0.184375 0.025483304042179262
4 0.496875 0.8862038664323374 0.771875 0.028119507908611598
4 0.34609375 0.695079086115993 0.465625 0.029876977152899824
4 0.4765625 0.9108084358523726 0.7234375 0.021968365553602813
5 0.546875 0.6115992970123023 0.41875 0.05975395430579965
5 0.78828125 0.2157293497363796 0.1734375 0.07557117750439367
6 0.79296875 0.24956063268892795 0.0953125 0.029876977152899824
6 0.3359375 0.6151142355008787 0.05625 0.019332161687170474
6 0.75703125 0.6151142355008787 0.0609375 0.019332161687170474