4 0.4453125 0.08084358523725835 0.665625 0.027240773286467488
4 0.48828125 0.9204745166959578 0.74375 0.026362038664323375
4 0.37578125 0.6660808435852372 0.5234375 0.021968365553602813
4 0.49921875 0.5210896309314587 0.771875 0.025483304042179262
4 0.26796875 0.11599297012302284 0.3046875 0.027240773286467488
4 0.503125 0.5531634446397188 0.7734375 0.02460456942003515
4 0.415625 0.8523725834797891 0.6046875 0.0210896309314587
4 0.478125 0.8312829525483304 0.7296875 0.019332161687170474
4 0.21484375 0.23945518453427064 0.18125 0.0210896309314587
4 0.44375 0.36687170474516695 0.6578125 0.021968365553602813
4 0.146875 0.7961335676625659 0.0328125 0.01845342706502636
4 0.20546875 0.5773286467486819 0.1796875 0.023725834797891036
4 0.371875 0.30448154657293497 0.5078125 0.022847100175746926
4 0.21953125 0.17223198594024605 0.2078125 0.025483304042179262
4 0.21953125 0.45606326889279436 0.209375 0.021968365553602813
4 0.1515625 0.7306678383128296 0.06875 0.028119507908611598
4 0.48125 0.4327768014059754 0.734375 0.0210896309314587
4 0.48203125 0.6427943760984183 0.73125 0.020210896309314587