2 0.49453125 0.2728471001757469 0.0546875 0.03690685413005272
5 0.221875 0.8440246045694201 0.3734375 0.07557117750439367
2 0.89453125 0.35369068541300525 0.1234375 0.05008787346221441
5 0.89609375 0.03998242530755712 0.121875 0.050966608084358524
2 0.49296875 0.5905096660808435 0.0546875 0.0351493848857645
2 0.2171875 0.5905096660808435 0.05 0.03251318101933216
5 0.72265625 0.8449033391915641 0.3875 0.0773286467486819
2 0.21796875 0.27548330404217924 0.05 0.033391915641476276
4 0.1734375 0.3400702987697715 0.28125 0.028119507908611598
4 0.175 0.02680140597539543 0.2796875 0.03163444639718805
5 0.9015625 0.12434094903339192 0.196875 0.12038664323374342
5 0.4734375 0.789103690685413 0.4140625 0.058875219683655534
5 0.09453125 0.12170474516695957 0.1890625 0.11862917398945519
5 0.08515625 0.1265377855887522 0.0765625 0.020210896309314587
5 0.09453125 0.4354130052724077 0.1859375 0.1195079086115993
5 0.08359375 0.437609841827768 0.0765625 0.019332161687170474
4 0.49921875 0.12302284710017575 0.471875 0.09753954305799649
4 0.46484375 0.7908611599297012 0.33125 0.023725834797891036
2 0.7765625 0.27548330404217924 0.046875 0.02899824253075571
4 0.49140625 0.437609841827768 0.4890625 0.0984182776801406
6 0.11875 0.39103690685413006 0.1765625 0.05184534270650264
2 0.77421875 0.5891915641476274 0.0546875 0.03251318101933216
6 0.12421875 0.07425307557117751 0.175 0.04569420035149385
5 0.896875 0.43629173989455183 0.2 0.1195079086115993
4 0.7140625 0.8457820738137083 0.278125 0.029876977152899824
4 0.21796875 0.8449033391915641 0.1140625 0.029876977152899824