4 0.459375 0.9077328646748682 0.6859375 0.022847100175746926
4 0.47265625 0.2557117750439367 0.7203125 0.022847100175746926
4 0.49140625 0.7297891036906854 0.7484375 0.023725834797891036
4 0.390625 0.6647627416520211 0.55625 0.019332161687170474
4 0.47421875 0.34578207381370824 0.715625 0.02460456942003515
4 0.40625 0.36862917398945516 0.5796875 0.0210896309314587
4 0.49609375 0.15685413005272408 0.7578125 0.0210896309314587
4 0.47421875 0.13268892794376097 0.709375 0.021968365553602813
4 0.46015625 0.8862038664323374 0.6890625 0.0210896309314587
4 0.49921875 0.5536028119507909 0.7625 0.025483304042179262
4 0.4140625 0.19068541300527242 0.5984375 0.025483304042179262
4 0.30546875 0.8181019332161688 0.3765625 0.026362038664323375
4 0.3671875 0.07601054481546574 0.515625 0.027240773286467488
4 0.2484375 0.4890158172231986 0.2734375 0.023725834797891036
4 0.16171875 0.27768014059753954 0.096875 0.023725834797891036
4 0.35078125 0.5773286467486819 0.465625 0.021968365553602813
4 0.36171875 0.4209138840070299 0.4859375 0.020210896309314587
4 0.3890625 0.7543936731107206 0.5453125 0.023725834797891036
4 0.4875 0.3989455184534271 0.7375 0.0210896309314587
4 0.4953125 0.6432337434094904 0.76875 0.021968365553602813