4 0.48359375 0.23066783831282953 0.7375 0.01757469244288225
4 0.48359375 0.5918277680140598 0.7328125 0.016695957820738138
4 0.30078125 0.7504393673110721 0.371875 0.019332161687170474
4 0.47578125 0.4068541300527241 0.7171875 0.01845342706502636
4 0.34609375 0.5193321616871704 0.4625 0.020210896309314587
4 0.490625 0.4986818980667838 0.7453125 0.01757469244288225
4 0.38125 0.15729349736379614 0.540625 0.020210896309314587
4 0.35546875 0.6981546572934973 0.484375 0.019332161687170474
4 0.3484375 0.7231985940246046 0.465625 0.020210896309314587
4 0.49453125 0.3427065026362039 0.7625 0.016695957820738138
4 0.478125 0.4740773286467487 0.73125 0.01757469244288225
4 0.4859375 0.12038664323374342 0.746875 0.019332161687170474
4 0.4765625 0.13884007029876977 0.7296875 0.01757469244288225
4 0.48359375 0.6177504393673111 0.7359375 0.01757469244288225
4 0.45859375 0.4538664323374341 0.6875 0.01845342706502636
4 0.34140625 0.09358523725834798 0.4640625 0.021968365553602813
4 0.49765625 0.27680140597539543 0.7625 0.01845342706502636
4 0.39921875 0.671353251318102 0.571875 0.01845342706502636
4 0.26171875 0.2056239015817223 0.29375 0.019332161687170474
4 0.365625 0.2961335676625659 0.5015625 0.016695957820738138
4 0.44296875 0.36291739894551844 0.659375 0.020210896309314587
4 0.4875 0.5456942003514939 0.7421875 0.019332161687170474
4 0.4984375 0.4283831282952548 0.775 0.016695957820738138
4 0.47421875 0.18453427065026362 0.7171875 0.0210896309314587
4 0.490625 0.38796133567662566 0.7515625 0.01845342706502636
4 0.49453125 0.3220562390158172 0.7625 0.020210896309314587
4 0.4109375 0.5667838312829525 0.5875 0.01757469244288225
4 0.28984375 0.6449912126537786 0.346875 0.01757469244288225
4 0.496875 0.07249560632688928 0.771875 0.0210896309314587
4 0.46796875 0.2513181019332162 0.7078125 0.019332161687170474
6 0.53515625 0.8870826010544816 0.0640625 0.04130052724077329
6 0.7453125 0.8875219683655536 0.0390625 0.03866432337434095
5 0.2296875 0.8615992970123023 0.309375 0.0641476274165202
6 0.375 0.8659929701230229 0.040625 0.02460456942003515
6 0.0734375 0.8615992970123023 0.0375 0.027240773286467488
5 0.6390625 0.8866432337434095 0.2078125 0.0843585237258348