4 0.2375 0.12126537785588752 0.2515625 0.0210896309314587
4 0.3109375 0.40597539543058 0.384375 0.022847100175746926
4 0.1875 0.0804042179261863 0.1375 0.02460456942003515
4 0.17890625 0.8941124780316344 0.11875 0.01757469244288225
4 0.29453125 0.8132688927943761 0.353125 0.019332161687170474
4 0.303125 0.7724077328646749 0.3828125 0.021968365553602813
4 0.31484375 0.4890158172231986 0.4 0.0210896309314587
4 0.3 0.7315465729349736 0.3671875 0.01845342706502636
4 0.28125 0.8536906854130053 0.325 0.01845342706502636
4 0.28828125 0.609402460456942 0.3390625 0.02460456942003515
4 0.2921875 0.4437609841827768 0.3484375 0.023725834797891036
4 0.2234375 0.2007908611599297 0.2234375 0.02460456942003515
4 0.265625 0.24253075571177504 0.3046875 0.0210896309314587
4 0.28046875 0.28383128295254834 0.3296875 0.01845342706502636
4 0.26015625 0.3255711775043937 0.2890625 0.023725834797891036
4 0.18359375 0.6898066783831283 0.1359375 0.0210896309314587
4 0.2453125 0.5689806678383128 0.253125 0.022847100175746926
5 0.7203125 0.5597539543057997 0.4078125 0.037785588752196834
5 0.73984375 0.28295254833040423 0.2390625 0.0641476274165202
5 0.69375 0.11555360281195079 0.3578125 0.0773286467486819
6 0.515625 0.11599297012302284 0.0484375 0.03251318101933216
6 0.8703125 0.11643233743409491 0.046875 0.028119507908611598
6 0.85703125 0.28778558875219684 0.0296875 0.026362038664323375
6 0.62109375 0.28339191564147626 0.0328125 0.026362038664323375
6 0.92578125 0.5610720562390158 0.0515625 0.02460456942003515
6 0.51171875 0.5579964850615114 0.0515625 0.01757469244288225