4 0.45078125 0.8071177504393673 0.6703125 0.027240773286467488
4 0.45 0.8949912126537786 0.675 0.0210896309314587
4 0.43046875 0.6507029876977153 0.6421875 0.022847100175746926
4 0.44375 0.8695079086115993 0.65625 0.021968365553602813
4 0.44921875 0.7403339191564148 0.6734375 0.023725834797891036
4 0.47109375 0.6282952548330404 0.721875 0.025483304042179262
4 0.3578125 0.1634446397188049 0.490625 0.021968365553602813
4 0.48828125 0.3835676625659051 0.753125 0.023725834797891036
4 0.41875 0.2521968365553603 0.6171875 0.022847100175746926
4 0.484375 0.22934973637961337 0.740625 0.022847100175746926
4 0.4078125 0.3194200351493849 0.6 0.026362038664323375
4 0.30859375 0.5615114235500879 0.390625 0.027240773286467488
4 0.4953125 0.47231985940246046 0.771875 0.025483304042179262
4 0.4375 0.4960456942003515 0.6578125 0.020210896309314587
4 0.2234375 0.07381370826010544 0.228125 0.025483304042179262
4 0.49453125 0.140597539543058 0.765625 0.02460456942003515
4 0.146875 0.4072934973637961 0.075 0.0210896309314587
4 0.4734375 0.7144112478031635 0.7234375 0.021968365553602813