4 0.440625 0.2666959578207381 0.653125 0.0210896309314587
4 0.32734375 0.4024604569420035 0.4328125 0.02460456942003515
4 0.49921875 0.703427065026362 0.7703125 0.021968365553602813
4 0.20078125 0.46045694200351495 0.16875 0.026362038664323375
4 0.38125 0.16300527240773285 0.5296875 0.022847100175746926
4 0.49296875 0.8734622144112478 0.75625 0.019332161687170474
4 0.4515625 0.726713532513181 0.6734375 0.021968365553602813
4 0.490625 0.0984182776801406 0.7546875 0.022847100175746926
4 0.475 0.5259226713532513 0.725 0.021968365553602813
4 0.41640625 0.8075571177504394 0.6 0.02460456942003515
4 0.4921875 0.37961335676625657 0.7609375 0.023725834797891036
4 0.46953125 0.34797891036906853 0.71875 0.0210896309314587
4 0.16953125 0.5509666080843585 0.1125 0.021968365553602813
4 0.4515625 0.6159929701230229 0.6734375 0.01845342706502636
4 0.446875 0.8954305799648506 0.65625 0.020210896309314587
4 0.47890625 0.2438488576449912 0.7328125 0.020210896309314587
4 0.434375 0.22319859402460457 0.6390625 0.022847100175746926
4 0.4859375 0.3251318101933216 0.7484375 0.021968365553602813
4 0.38984375 0.6384007029876977 0.559375 0.021968365553602813
4 0.4578125 0.07513181019332162 0.6890625 0.022847100175746926
4 0.49921875 0.7842706502636204 0.7671875 0.01845342706502636