5 0.5734375 0.7833919156414763 0.16875 0.08172231985940245
5 0.27109375 0.8159050966608085 0.25625 0.037785588752196834
4 0.4609375 0.4806678383128295 0.690625 0.02460456942003515
5 0.21171875 0.8809314586994728 0.1421875 0.0351493848857645
4 0.4890625 0.3927943760984183 0.7578125 0.019332161687170474
4 0.46875 0.19332161687170474 0.715625 0.0210896309314587
4 0.37109375 0.5057117750439367 0.5109375 0.023725834797891036
4 0.4046875 0.328207381370826 0.5828125 0.023725834797891036
4 0.1890625 0.13005272407732865 0.153125 0.0210896309314587
5 0.42890625 0.8796133567662566 0.140625 0.03251318101933216
4 0.37578125 0.4152021089630931 0.528125 0.021968365553602813
4 0.4921875 0.6362038664323374 0.7625 0.021968365553602813
4 0.4828125 0.30404217926186294 0.740625 0.021968365553602813
4 0.1578125 0.24033391915641475 0.090625 0.020210896309314587
4 0.4546875 0.570298769771529 0.684375 0.022847100175746926
4 0.484375 0.218804920913884 0.7484375 0.021968365553602813
4 0.459375 0.10764499121265378 0.69375 0.023725834797891036
4 0.19140625 0.6581722319859402 0.1578125 0.021968365553602813
6 0.57734375 0.8159050966608085 0.0984375 0.040421792618629174
6 0.140625 0.8791739894551845 0.0578125 0.023725834797891036
6 0.2796875 0.8818101933216169 0.0421875 0.021968365553602813
6 0.3984375 0.8172231985940246 0.0546875 0.027240773286467488
6 0.14453125 0.8163444639718805 0.05625 0.01757469244288225