4 0.453125 0.8343585237258347 0.675 0.021968365553602813
4 0.3171875 0.9125659050966608 0.4125 0.0210896309314587
4 0.2328125 0.36599297012302284 0.2359375 0.022847100175746926
4 0.44921875 0.210896309314587 0.66875 0.0210896309314587
4 0.4890625 0.18804920913884007 0.7484375 0.0210896309314587
4 0.38515625 0.29876977152899825 0.540625 0.022847100175746926
4 0.5 0.4876977152899824 0.765625 0.021968365553602813
4 0.46875 0.27680140597539543 0.703125 0.01757469244288225
4 0.26015625 0.7003514938488576 0.296875 0.023725834797891036
4 0.35859375 0.7653778558875219 0.4875 0.026362038664323375
4 0.3828125 0.45518453427065025 0.53125 0.020210896309314587
4 0.27578125 0.8567662565905096 0.321875 0.021968365553602813
4 0.2578125 0.5101054481546573 0.29375 0.0210896309314587
4 0.4140625 0.13005272407732865 0.5953125 0.020210896309314587
4 0.2015625 0.6190685413005272 0.175 0.022847100175746926
4 0.48125 0.5975395430579965 0.73125 0.0210896309314587
4 0.48671875 0.5760105448154658 0.74375 0.019332161687170474
4 0.48359375 0.10852372583479789 0.740625 0.0210896309314587
4 0.4609375 0.6770650263620387 0.690625 0.021968365553602813
4 0.4625 0.4327768014059754 0.69375 0.021968365553602813