4 0.4890625 0.4169595782073814 0.7546875 0.01845342706502636
4 0.41171875 0.35193321616871703 0.5984375 0.022847100175746926
4 0.44453125 0.7442882249560633 0.6328125 0.020210896309314587
4 0.41328125 0.47319859402460457 0.6015625 0.021968365553602813
4 0.29765625 0.5953427065026362 0.3640625 0.027240773286467488
4 0.42421875 0.2587873462214411 0.5875 0.02460456942003515
5 0.23671875 0.8576449912126538 0.1890625 0.04130052724077329
5 0.7546875 0.8475395430579965 0.1796875 0.04305799648506151
4 0.36640625 0.2038664323374341 0.4859375 0.021968365553602813
5 0.5015625 0.8449033391915641 0.159375 0.03954305799648506
4 0.4703125 0.7007908611599297 0.6859375 0.021968365553602813
4 0.40625 0.1063268892794376 0.5859375 0.02460456942003515
4 0.49140625 0.7240773286467487 0.73125 0.019332161687170474
4 0.2296875 0.29173989455184535 0.2375 0.027240773286467488
4 0.303125 0.562390158172232 0.38125 0.0210896309314587
4 0.43671875 0.18057996485061512 0.6296875 0.0210896309314587
4 0.49140625 0.539543057996485 0.7578125 0.021968365553602813
4 0.30703125 0.4389279437609842 0.390625 0.0210896309314587
6 0.57578125 0.8453427065026362 0.046875 0.02460456942003515
6 0.41640625 0.8449033391915641 0.0484375 0.028119507908611598
6 0.13046875 0.8541300527240774 0.08125 0.02899824253075571
6 0.33671875 0.859402460456942 0.0703125 0.02460456942003515