4 0.2640625 0.45869947275922673 0.3 0.022847100175746926
4 0.26875 0.8659929701230229 0.3171875 0.021968365553602813
4 0.18671875 0.4191564147627416 0.134375 0.023725834797891036
4 0.24140625 0.336115992970123 0.2453125 0.023725834797891036
4 0.2765625 0.6616871704745168 0.328125 0.021968365553602813
4 0.2546875 0.5413005272407733 0.2859375 0.021968365553602813
4 0.24296875 0.7438488576449912 0.2546875 0.021968365553602813
4 0.29296875 0.7038664323374341 0.35625 0.025483304042179262
4 0.2671875 0.8255711775043937 0.303125 0.021968365553602813
4 0.24609375 0.2552724077328647 0.2640625 0.022847100175746926
4 0.27421875 0.2139718804920914 0.3203125 0.020210896309314587
4 0.2640625 0.1735500878734622 0.303125 0.021968365553602813
4 0.18046875 0.1344463971880492 0.13125 0.022847100175746926
4 0.20625 0.5817223198594025 0.175 0.0210896309314587
4 0.19296875 0.29525483304042177 0.15625 0.022847100175746926
4 0.175 0.906414762741652 0.1234375 0.022847100175746926