4 0.471875 0.9081722319859402 0.6859375 0.029876977152899824
4 0.46484375 0.2561511423550088 0.7203125 0.029876977152899824
4 0.4984375 0.7297891036906854 0.7484375 0.030755711775043937
4 0.39609375 0.6656414762741653 0.55625 0.02460456942003515
4 0.46953125 0.3462214411247803 0.715625 0.03163444639718805
4 0.40234375 0.3695079086115993 0.5796875 0.026362038664323375
4 0.48515625 0.15685413005272408 0.7578125 0.028119507908611598
4 0.4625 0.13312829525483305 0.709375 0.02899824253075571
4 0.471875 0.8866432337434095 0.6890625 0.028119507908611598
4 0.50078125 0.5536028119507909 0.7625 0.033391915641476276
4 0.4046875 0.19156414762741653 0.5984375 0.03163444639718805
4 0.315625 0.819859402460457 0.3765625 0.029876977152899824
4 0.35390625 0.0773286467486819 0.515625 0.03251318101933216
4 0.2484375 0.4916520210896309 0.2734375 0.026362038664323375
4 0.1546875 0.281195079086116 0.096875 0.02460456942003515
4 0.353125 0.578646748681898 0.465625 0.026362038664323375
4 0.359375 0.422231985940246 0.4859375 0.02460456942003515
4 0.396875 0.7552724077328646 0.5453125 0.02899824253075571
4 0.484375 0.3989455184534271 0.7375 0.028119507908611598
4 0.5 0.6432337434094904 0.76875 0.029876977152899824