4 0.24921875 0.5294376098418277 0.2640625 0.025483304042179262
4 0.296875 0.4033391915641476 0.3703125 0.022847100175746926
4 0.17890625 0.20298769771529 0.128125 0.027240773286467488
4 0.17734375 0.5676625659050967 0.121875 0.02460456942003515
4 0.3234375 0.6498242530755711 0.4171875 0.028119507908611598
4 0.1828125 0.6098418277680141 0.1421875 0.022847100175746926
4 0.3046875 0.12170474516695957 0.38125 0.027240773286467488
4 0.3234375 0.4881370826010545 0.428125 0.02460456942003515
4 0.30703125 0.44551845342706503 0.3953125 0.02899824253075571
4 0.1859375 0.24340949033391915 0.140625 0.025483304042179262
4 0.33828125 0.6924428822495606 0.45 0.02899824253075571
4 0.240625 0.28339191564147626 0.2484375 0.0210896309314587
4 0.18515625 0.36599297012302284 0.1453125 0.026362038664323375
4 0.19140625 0.08084358523725835 0.15 0.026362038664323375
4 0.2328125 0.1608084358523726 0.2359375 0.028119507908611598
5 0.753125 0.46089630931458697 0.2765625 0.1274165202108963
5 0.2921875 0.7899824253075571 0.2984375 0.06678383128295255
5 0.746875 0.24736379613356765 0.2796875 0.1282952548330404
5 0.74375 0.07908611599297012 0.2671875 0.061511423550087874
6 0.6140625 0.07952548330404217 0.046875 0.030755711775043937
6 0.87890625 0.07952548330404217 0.04375 0.029876977152899824
6 0.6125 0.2482425307557118 0.0515625 0.0492091388400703
6 0.88359375 0.24648506151142355 0.0453125 0.05184534270650264
6 0.6171875 0.46045694200351495 0.05625 0.04305799648506151
6 0.88203125 0.46089630931458697 0.0609375 0.043936731107205626
6 0.42734375 0.8154657293497364 0.0515625 0.03251318101933216
6 0.15 0.819859402460457 0.05625 0.0210896309314587