5 0.4890625 0.43321616871704743 0.25625 0.04481546572934974
4 0.484375 0.0320738137082601 0.2328125 0.03251318101933216
5 0.6375 0.7451669595782073 0.1015625 0.05536028119507909
4 0.46328125 0.5953427065026362 0.6375 0.022847100175746926
5 0.284375 0.7460456942003515 0.096875 0.058875219683655534
4 0.49453125 0.36731107205623903 0.29375 0.054481546572934976
4 0.4640625 0.616871704745167 0.2375 0.0210896309314587
5 0.490625 0.15421792618629174 0.0890625 0.02460456942003515
3 0.49140625 0.2069420035149385 0.234375 0.13708260105448156
5 0.45859375 0.7451669595782073 0.1984375 0.10984182776801406
5 0.45859375 0.8462214411247804 0.109375 0.0641476274165202
5 0.459375 0.6454305799648506 0.1046875 0.05975395430579965
6 0.45703125 0.6159929701230229 0.0796875 0.019332161687170474
7 0.4921875 0.3233743409490334 0.228125 0.026362038664323375