4 0.4640625 0.5922671353251318 0.6953125 0.014938488576449912
4 0.48515625 0.37609841827768015 0.740625 0.016695957820738138
4 0.48046875 0.35676625659050965 0.7296875 0.016695957820738138
4 0.4 0.6959578207381371 0.565625 0.01757469244288225
4 0.4875 0.2710896309314587 0.74375 0.014938488576449912
4 0.48515625 0.4802284710017575 0.7390625 0.01757469244288225
4 0.49375 0.46133567662565905 0.7578125 0.016695957820738138
4 0.46484375 0.8339191564147628 0.7015625 0.016695957820738138
4 0.496875 0.7697715289982425 0.759375 0.019332161687170474
4 0.3484375 0.4995606326889279 0.4671875 0.01757469244288225
4 0.49453125 0.5461335676625659 0.765625 0.016695957820738138
4 0.15546875 0.3308435852372584 0.0796875 0.015817223198594025
4 0.48359375 0.29086115992970124 0.7359375 0.016695957820738138
4 0.48359375 0.6304920913884007 0.734375 0.015817223198594025
4 0.484375 0.22495606326889278 0.7375 0.016695957820738138
4 0.49296875 0.5268014059753954 0.7578125 0.016695957820738138
4 0.2046875 0.12609841827768015 0.1796875 0.016695957820738138
4 0.22890625 0.15333919156414763 0.228125 0.01757469244288225
4 0.1890625 0.2460456942003515 0.14375 0.016695957820738138
4 0.20625 0.788664323374341 0.184375 0.014938488576449912
4 0.24609375 0.8813708260105448 0.265625 0.01757469244288225
4 0.471875 0.44244288224956063 0.715625 0.01757469244288225
4 0.48515625 0.8141476274165202 0.7390625 0.01845342706502636
4 0.38984375 0.07425307557117751 0.55 0.019332161687170474
4 0.4796875 0.2060632688927944 0.7296875 0.016695957820738138
4 0.4953125 0.6761862917398945 0.753125 0.01757469244288225
4 0.48984375 0.6568541300527241 0.746875 0.016695957820738138
4 0.48046875 0.3967486818980668 0.73125 0.016695957820738138
4 0.49375 0.8602811950790861 0.759375 0.019332161687170474
4 0.45390625 0.7486818980667839 0.6765625 0.015817223198594025
4 0.46015625 0.6111599297012302 0.6875 0.016695957820738138
4 0.42265625 0.9261862917398945 0.6125 0.016695957820738138
4 0.47578125 0.906414762741652 0.7171875 0.01845342706502636
4 0.459375 0.3110720562390158 0.690625 0.016695957820738138
4 0.171875 0.10061511423550087 0.1125 0.015817223198594025
4 0.40390625 0.5659050966608085 0.584375 0.016695957820738138