4 0.46953125 0.5188927943760984 0.703125 0.014059753954305799
4 0.49609375 0.11818980667838312 0.7703125 0.01757469244288225
4 0.4921875 0.6230228471001757 0.753125 0.01757469244288225
4 0.39765625 0.6889279437609842 0.56875 0.01757469244288225
4 0.49140625 0.29569420035149385 0.759375 0.01757469244288225
4 0.4859375 0.7350615114235501 0.7484375 0.01757469244288225
4 0.48359375 0.8088752196836555 0.7375 0.01757469244288225
4 0.47734375 0.406414762741652 0.725 0.01845342706502636
4 0.49765625 0.6678383128295254 0.7640625 0.01845342706502636
4 0.32890625 0.15817223198594024 0.4390625 0.01757469244288225
4 0.31328125 0.335676625659051 0.3921875 0.01845342706502636
4 0.4921875 0.5588752196836555 0.7453125 0.016695957820738138
4 0.31796875 0.9200351493848857 0.4078125 0.01757469244288225
4 0.4921875 0.2060632688927944 0.7609375 0.019332161687170474
4 0.48359375 0.45518453427065025 0.73125 0.016695957820738138
4 0.25546875 0.577768014059754 0.278125 0.01845342706502636
4 0.2421875 0.22539543057996486 0.259375 0.01757469244288225
4 0.140625 0.8743409490333919 0.046875 0.015817223198594025
4 0.24140625 0.27152899824253074 0.25625 0.01845342706502636
4 0.16171875 0.7548330404217927 0.1015625 0.016695957820738138
4 0.4875 0.18409490333919157 0.75625 0.01845342706502636
4 0.490625 0.6023725834797891 0.7515625 0.01845342706502636
4 0.484375 0.851493848857645 0.740625 0.019332161687170474
4 0.484375 0.47451669595782076 0.7296875 0.015817223198594025
4 0.19765625 0.4279437609841828 0.1609375 0.01845342706502636
4 0.49609375 0.8989455184534271 0.76875 0.01757469244288225
4 0.3796875 0.827768014059754 0.53125 0.015817223198594025
4 0.49453125 0.538664323374341 0.7546875 0.01757469244288225
4 0.23515625 0.6432337434094904 0.2359375 0.01757469244288225
4 0.496875 0.3615992970123023 0.765625 0.01845342706502636
4 0.4734375 0.4934094903339192 0.7125 0.015817223198594025
4 0.1484375 0.09314586994727592 0.0703125 0.015817223198594025
4 0.1796875 0.38224956063268895 0.13125 0.01757469244288225
4 0.4953125 0.2504393673110721 0.7640625 0.019332161687170474
4 0.48359375 0.7135325131810193 0.7375 0.01757469244288225
4 0.4765625 0.13884007029876977 0.7328125 0.016695957820738138
4 0.47734375 0.07249560632688928 0.7296875 0.016695957820738138
4 0.48984375 0.31678383128295257 0.7484375 0.01845342706502636