4 0.35078125 0.8374340949033392 0.4765625 0.022847100175746926
4 0.36640625 0.3071177504393673 0.5046875 0.019332161687170474
4 0.5109375 0.44639718804920914 0.784375 0.021968365553602813
4 0.2234375 0.19595782073813708 0.21875 0.026362038664323375
4 0.446875 0.413884007029877 0.65625 0.020210896309314587
4 0.4703125 0.3927943760984183 0.7125 0.021968365553602813
4 0.5 0.5276801405975395 0.775 0.02460456942003515
4 0.4828125 0.2623022847100176 0.73125 0.0210896309314587
4 0.33828125 0.7258347978910369 0.440625 0.023725834797891036
4 0.20859375 0.8954305799648506 0.1875 0.025483304042179262
4 0.48125 0.7904217926186292 0.7375 0.019332161687170474
4 0.22578125 0.6586115992970123 0.225 0.020210896309314587
4 0.4875 0.8141476274165202 0.7515625 0.0210896309314587
4 0.25625 0.47012302284710017 0.28125 0.0210896309314587
4 0.28359375 0.5509666080843585 0.3390625 0.021968365553602813
4 0.4984375 0.6155536028119508 0.775 0.022847100175746926
4 0.4953125 0.6384007029876977 0.76875 0.021968365553602813
4 0.228125 0.13005272407732865 0.2328125 0.023725834797891036
4 0.49765625 0.28558875219683655 0.7609375 0.0210896309314587
4 0.4953125 0.10808435852372583 0.7625 0.022847100175746926