4 0.32421875 0.4991212653778559 0.425 0.020210896309314587
4 0.4734375 0.4771528998242531 0.7265625 0.020210896309314587
4 0.46796875 0.8756590509666081 0.6859375 0.0210896309314587
4 0.36796875 0.38620386643233745 0.509375 0.02899824253075571
4 0.253125 0.19244288224956063 0.2703125 0.03251318101933216
4 0.42421875 0.45650263620386644 0.6296875 0.0210896309314587
4 0.334375 0.13708260105448156 0.45 0.027240773286467488
4 0.29921875 0.8976274165202109 0.3515625 0.023725834797891036
4 0.45 0.7574692442882249 0.678125 0.021968365553602813
4 0.46015625 0.6981546572934973 0.6859375 0.025483304042179262
4 0.4265625 0.3189806678383128 0.63125 0.022847100175746926
4 0.465625 0.10193321616871705 0.7109375 0.030755711775043937
4 0.15234375 0.562829525483304 0.071875 0.023725834797891036
4 0.421875 0.29437609841827767 0.6265625 0.022847100175746926
4 0.41171875 0.2535149384885764 0.5953125 0.03163444639718805
4 0.2609375 0.8031634446397188 0.2984375 0.022847100175746926
4 0.44375 0.7820738137082601 0.6625 0.0210896309314587
4 0.23046875 0.6309314586994728 0.23125 0.021968365553602813
4 0.46875 0.8532513181019332 0.690625 0.02460456942003515