5 0.65234375 0.5992970123022847 0.0796875 0.03602811950790861
5 0.25078125 0.4090509666080844 0.165625 0.03690685413005272
5 0.59609375 0.1656414762741652 0.153125 0.03690685413005272
4 0.36484375 0.8334797891036907 0.4125 0.020210896309314587
5 0.2484375 0.16520210896309315 0.15625 0.0351493848857645
4 0.2203125 0.7869068541300527 0.121875 0.014059753954305799
5 0.24296875 0.6616871704745168 0.1703125 0.03866432337434095
4 0.38125 0.6001757469244289 0.45625 0.020210896309314587
4 0.4328125 0.10720562390158173 0.528125 0.020210896309314587
5 0.62734375 0.1054481546572935 0.075 0.03163444639718805
5 0.61171875 0.4094903339191564 0.1609375 0.03690685413005272
4 0.265625 0.5509666080843585 0.2140625 0.01757469244288225
4 0.27421875 0.059314586994727594 0.2125 0.014059753954305799
4 0.4140625 0.8809314586994728 0.5125 0.020210896309314587
4 0.296875 0.30052724077328646 0.2625 0.01845342706502636
5 0.65390625 0.8308435852372583 0.0828125 0.03251318101933216
5 0.61796875 0.6621265377855887 0.16875 0.037785588752196834
6 0.5375 0.6669595782073814 0.059375 0.033391915641476276
6 0.6953125 0.6691564147627417 0.046875 0.03690685413005272
6 0.17109375 0.6691564147627417 0.0359375 0.040421792618629174
6 0.58984375 0.34885764499121263 0.071875 0.0210896309314587
6 0.53125 0.4072934973637961 0.0625 0.05008787346221441
6 0.1796875 0.4090509666080844 0.053125 0.054481546572934976
6 0.3296875 0.4086115992970123 0.0625 0.05272407732864675
6 0.68671875 0.4103690685413005 0.0421875 0.05272407732864675
6 0.6921875 0.3492970123022847 0.0359375 0.020210896309314587
5 0.64375 0.34885764499121263 0.0796875 0.030755711775043937
6 0.51796875 0.16608084358523725 0.0515625 0.05536028119507909
6 0.665625 0.1665202108963093 0.0484375 0.050966608084358524
6 0.66484375 0.10456942003514938 0.05 0.04569420035149385
6 0.59140625 0.10456942003514938 0.034375 0.0492091388400703
6 0.31953125 0.16520210896309315 0.0578125 0.05272407732864675
6 0.1859375 0.163884007029877 0.0453125 0.05272407732864675
5 0.65390625 0.8804920913884007 0.08125 0.033391915641476276
6 0.61171875 0.8813708260105448 0.0328125 0.01757469244288225