4 0.48984375 0.46221441124780316 0.7390625 0.01845342706502636
4 0.4875 0.3510544815465729 0.7546875 0.022847100175746926
4 0.3890625 0.6388400702987698 0.5546875 0.023725834797891036
4 0.48984375 0.6924428822495606 0.753125 0.019332161687170474
4 0.38828125 0.15114235500878734 0.5484375 0.020210896309314587
4 0.46328125 0.7139718804920914 0.6984375 0.023725834797891036
4 0.4890625 0.4398066783831283 0.7359375 0.023725834797891036
4 0.4265625 0.37478031634446396 0.63125 0.0210896309314587
4 0.48984375 0.13093145869947276 0.7515625 0.01845342706502636
4 0.453125 0.8475395430579965 0.68125 0.025483304042179262
4 0.4875 0.21836555360281196 0.753125 0.02460456942003515
4 0.490625 0.671353251318102 0.7484375 0.021968365553602813
4 0.18984375 0.5021968365553603 0.1453125 0.020210896309314587
4 0.25859375 0.7798769771528998 0.2890625 0.026362038664323375
4 0.40625 0.28471001757469244 0.5984375 0.026362038664323375
4 0.4109375 0.5689806678383128 0.5921875 0.026362038664323375
4 0.49765625 0.48154657293497366 0.759375 0.01845342706502636
4 0.4953125 0.10808435852372583 0.7625 0.023725834797891036