4 0.47421875 0.5175746924428822 0.70625 0.026362038664323375
4 0.41484375 0.4538664323374341 0.609375 0.029876977152899824
4 0.365625 0.38488576449912126 0.50625 0.026362038664323375
4 0.3765625 0.8062390158172232 0.53125 0.021968365553602813
4 0.3015625 0.9103690685413005 0.378125 0.0210896309314587
4 0.47265625 0.8637961335676626 0.7171875 0.023725834797891036
4 0.384375 0.19463971880492092 0.5359375 0.028119507908611598
4 0.3515625 0.2640597539543058 0.4703125 0.026362038664323375
4 0.4546875 0.13093145869947276 0.6828125 0.022847100175746926
4 0.25625 0.6515817223198594 0.2953125 0.022847100175746926
4 0.46953125 0.6282952548330404 0.7296875 0.020210896309314587
4 0.24296875 0.5426186291739895 0.25 0.02460456942003515
4 0.475 0.3304042179261863 0.7171875 0.022847100175746926
4 0.43359375 0.7174868189806678 0.6578125 0.028119507908611598
4 0.38671875 0.3545694200351494 0.54375 0.022847100175746926
4 0.46328125 0.8875219683655536 0.703125 0.021968365553602813
4 0.478125 0.6054481546572935 0.75 0.021968365553602813
4 0.49453125 0.10808435852372583 0.771875 0.022847100175746926
4 0.47734375 0.7820738137082601 0.734375 0.020210896309314587