7 0.596875 0.7781195079086116 0.221875 0.020210896309314587
7 0.1546875 0.3378734622144112 0.178125 0.016695957820738138
7 0.246875 0.2789982425307557 0.365625 0.020210896309314587
7 0.640625 0.09929701230228472 0.2265625 0.0210896309314587
7 0.6703125 0.16212653778558875 0.2921875 0.0210896309314587
7 0.60234375 0.5338312829525483 0.1984375 0.022847100175746926
7 0.6578125 0.7170474516695958 0.334375 0.019332161687170474
7 0.15625 0.46397188049209137 0.19375 0.0210896309314587
7 0.2109375 0.40509666080843587 0.3 0.022847100175746926
7 0.68828125 0.6590509666080844 0.3796875 0.0210896309314587
7 0.23359375 0.5883128295254832 0.36875 0.022847100175746926
7 0.60234375 0.4077328646748682 0.184375 0.01845342706502636
7 0.346875 0.7091388400702988 0.1265625 0.020210896309314587
7 0.21484375 0.6511423550087874 0.31875 0.022847100175746926
7 0.58671875 0.5909490333919156 0.1765625 0.019332161687170474
7 0.19609375 0.025483304042179262 0.2109375 0.0210896309314587
7 0.15234375 0.14982425307557118 0.1609375 0.01845342706502636
7 0.1484375 0.5259226713532513 0.1765625 0.016695957820738138
7 0.1625 0.2157293497363796 0.1703125 0.015817223198594025
7 0.73125 0.351493848857645 0.4421875 0.025483304042179262
7 0.596875 0.22363796133567662 0.146875 0.01845342706502636
7 0.2265625 0.09270650263620386 0.296875 0.025483304042179262
7 0.65 0.47319859402460457 0.2796875 0.0210896309314587
7 0.60390625 0.28295254833040423 0.1859375 0.01845342706502636