7 0.3953125 0.851493848857645 0.6078125 0.014938488576449912
7 0.271875 0.48462214411247806 0.33125 0.016695957820738138
7 0.290625 0.29130052724077327 0.36875 0.016695957820738138
7 0.36328125 0.06502636203866433 0.509375 0.016695957820738138
7 0.18125 0.22891036906854131 0.1578125 0.014938488576449912
7 0.63984375 0.2086994727592267 0.51875 0.013181019332161687
7 0.18046875 0.16695957820738136 0.1453125 0.019332161687170474
7 0.42734375 0.7913005272407733 0.621875 0.015817223198594025
7 0.49921875 0.6608084358523726 0.5390625 0.01757469244288225
7 0.38046875 0.9130052724077329 0.5859375 0.01845342706502636
7 0.29765625 0.351493848857645 0.3734375 0.019332161687170474
7 0.353125 0.11423550087873462 0.4890625 0.019332161687170474
7 0.3125 0.5474516695957821 0.440625 0.0210896309314587
7 0.178125 0.4253075571177504 0.1484375 0.014938488576449912
7 0.57109375 0.4275043936731107 0.371875 0.01845342706502636
7 0.32421875 0.5979789103690686 0.4484375 0.021968365553602813
7 0.42734375 0.7289103690685413 0.6484375 0.023725834797891036