7 0.2484375 0.7456063268892794 0.290625 0.021968365553602813
7 0.21875 0.3233743409490334 0.303125 0.0210896309314587
7 0.22109375 0.6608084358523726 0.240625 0.0210896309314587
7 0.36484375 0.8246924428822495 0.496875 0.025483304042179262
7 0.35234375 0.07820738137082602 0.578125 0.02899824253075571
7 0.4375 0.40509666080843587 0.728125 0.029876977152899824
7 0.24296875 0.1586115992970123 0.35625 0.027240773286467488
7 0.3421875 0.5834797891036907 0.459375 0.026362038664323375
7 0.55859375 0.3242530755711775 0.3046875 0.014938488576449912
7 0.3015625 0.4833040421792619 0.5171875 0.025483304042179262
7 0.49140625 0.9033391915641477 0.7484375 0.028119507908611598