7 0.35546875 0.13840070298769772 0.2546875 0.020210896309314587
7 0.346875 0.08567662565905097 0.2578125 0.02460456942003515
7 0.34765625 0.19727592267135324 0.24375 0.01845342706502636
7 0.34921875 0.6924428822495606 0.3328125 0.023725834797891036
7 0.2875 0.6067662565905096 0.20625 0.021968365553602813
7 0.28046875 0.8040421792618629 0.178125 0.023725834797891036
7 0.38046875 0.3664323374340949 0.425 0.02460456942003515
7 0.2546875 0.29042179261862916 0.178125 0.023725834797891036
7 0.3515625 0.5320738137082601 0.3671875 0.0210896309314587
7 0.37734375 0.44420035149384884 0.425 0.021968365553602813
7 0.35390625 0.9191564147627417 0.415625 0.025483304042179262